2 1 0 2 3.54 0 2.76806 6.26686 72.3178 2.23823 105.975 6.82927 15.3396 2.18877 2.76806 6.26686 72.3178 2.23823 105.975 6.82927 15.3396 2.18877 0 0 0 0 0 0 0 0 0 0 0 0 0 0 0 0 
1 1 0 1.9918 3.54 13.8054 2.76787 6.26875 72.3016 2.23803 106.008 6.83133 15.3262 2.1896 2.76787 6.26875 72.3016 2.23803 106.008 6.83133 15.3262 2.1896 4.35987e-07 0 0.00224929 0 0.873728 0.427594 0.873728 -0.427594 0.753074 0 0.499509 0 0.262186 0 0.204032 0 
1 1 0 1.9836 3.54 13.7988 2.76768 6.27064 72.2854 2.23782 106.041 6.83339 15.3128 2.19043 2.76768 6.27064 72.2854 2.23782 106.041 6.83339 15.3128 2.19043 4.38989e-07 0 0.00225227 0 0.873904 0.427916 0.873904 -0.427916 0.753115 0 0.499512 0 0.262153 0 0.203994 0 
1 1 0 1.96721 3.54 13.7856 2.7673 6.27442 72.253 2.23742 106.107 6.83751 15.286 2.19209 2.7673 6.27442 72.253 2.23742 106.107 6.83751 15.286 2.19209 4.45043e-07 0 0.00225827 0 0.874257 0.428563 0.874257 -0.428563 0.753195 0 0.499518 0 0.262089 0 0.203918 0 
1 1 0 1.93444 3.54 13.7593 2.76654 6.28198 72.1881 2.2366 106.238 6.84575 15.2325 2.19542 2.76654 6.28198 72.1881 2.2366 106.238 6.84575 15.2325 2.19542 4.57354e-07 0 0.00227049 0 0.87497 0.429859 0.87497 -0.429859 0.753354 0 0.499531 0 0.26196 0 0.203765 0 
1 1 0 1.86898 3.54 13.707 2.765 6.29711 72.0586 2.23497 106.501 6.86223 15.1254 2.20208 2.765 6.29711 72.0586 2.23497 106.501 6.86223 15.1254 2.20208 4.82801e-07 0 0.00229572 0 0.876422 0.43247 0.876422 -0.43247 0.753671 0 0.499558 0 0.261702 0 0.203461 0 
1 1 0 1.76691 3.54 13.6262 2.76258 6.32076 71.8564 2.23241 106.913 6.888 14.9581 2.21252 2.76258 6.32076 71.8564 2.23241 106.913 6.888 14.9581 2.21252 5.2482e-07 0 0.0023374 0 0.878761 0.436596 0.878761 -0.436596 0.754159 0 0.499602 0 0.261302 0 0.202988 0 
1 1 0 1.66509 3.54 13.5467 2.76014 6.34442 71.6545 2.22984 107.325 6.91379 14.7909 2.22301 2.76014 6.34442 71.6545 2.22984 107.325 6.91379 14.7909 2.22301 5.69684e-07 0 0.00238196 0 0.881191 0.44078 0.881191 -0.44078 0.75464 0 0.499649 0 0.260905 0 0.202518 0 
1 1 0 1.56353 3.54 13.4685 2.75767 6.3681 71.453 2.22724 107.737 6.93959 14.6239 2.23354 2.75767 6.3681 71.453 2.22724 107.737 6.93959 14.6239 2.23354 6.17489e-07 0 0.00242958 0 0.883715 0.445024 0.883715 -0.445024 0.755114 0 0.499699 0 0.26051 0 0.20205 0 
1 1 0 1.46223 3.54 13.3915 2.75518 6.39179 71.2519 2.22464 108.149 6.96541 14.457 2.24412 2.75518 6.39179 71.2519 2.22464 108.149 6.96541 14.457 2.24412 6.68322e-07 0 0.00248044 0 0.886337 0.449328 0.886337 -0.449328 0.755581 0 0.499752 0 0.260117 0 0.201585 0 
1 1 0 1.3612 3.54 13.3158 2.75266 6.4155 71.051 2.22202 108.562 6.99125 14.2901 2.25474 2.75266 6.4155 71.051 2.22202 108.562 6.99125 14.2901 2.25474 7.22261e-07 0 0.00253474 0 0.889061 0.453693 0.889061 -0.453693 0.75604 0 0.499808 0 0.259727 0 0.201122 0 
2 1 0 1.31933 3.54 13.2848 2.75161 6.42534 70.9677 2.22092 108.733 7.00198 14.2209 2.25916 2.75161 6.42534 70.9677 2.22092 108.733 7.00198 14.2209 2.25916 7.45583e-07 0 0.00255833 0 0.890224 0.455523 0.890224 -0.455523 0.756229 0 0.499832 0 0.259566 0 0.200931 0 
2 1 0 1.21866 3.54 13.211 2.74906 6.44907 70.7673 2.21828 109.146 7.02783 14.0543 2.26985 2.74906 6.44907 70.7673 2.21828 109.146 7.02783 14.0543 2.26985 8.04031e-07 0 0.00261785 0 0.893102 0.459978 0.893102 -0.459978 0.756679 0 0.499892 0 0.25918 0 0.200472 0 
2 1 0 1.11825 3.54 13.1386 2.74648 6.47281 70.5672 2.21562 109.56 7.05371 13.8877 2.28058 2.74648 6.47281 70.5672 2.21562 109.56 7.05371 13.8877 2.28058 8.65727e-07 0 0.00268133 0 0.896095 0.464497 0.896095 -0.464497 0.757122 0 0.499955 0 0.258796 0 0.200016 0 
2 1 0 1.01812 3.54 13.0675 2.74388 6.49657 70.3675 2.21294 109.973 7.07959 13.7212 2.29136 2.74388 6.49657 70.3675 2.21294 109.973 7.07959 13.7212 2.29136 9.30705e-07 0 0.00274901 0 0.899208 0.469082 0.899208 -0.469082 0.757559 0 0.50002 0 0.258414 0 0.199562 0 
2 1 0 0.918245 3.54 12.9978 2.74125 6.52034 70.168 2.21025 110.387 7.1055 13.5549 2.30219 2.74125 6.52034 70.168 2.21025 110.387 7.1055 13.5549 2.30219 9.98984e-07 0 0.00282117 0 0.902446 0.473733 0.902446 -0.473733 0.757989 0 0.500089 0 0.258035 0 0.199111 0 
2 1 0 0.818644 3.54 12.9296 2.7386 6.54412 69.9689 2.20754 110.801 7.13141 13.3887 2.31306 2.7386 6.54412 69.9689 2.20754 110.801 7.13141 13.3887 2.31306 1.07056e-06 0 0.00289808 0 0.905816 0.478452 0.905816 -0.478452 0.758413 0 0.500161 0 0.257657 0 0.198663 0 
2 1 0 0.719314 3.54 12.8629 2.73592 6.56792 69.77 2.20482 111.215 7.15735 13.2225 2.32398 2.73592 6.56792 69.77 2.20482 111.215 7.15735 13.2225 2.32398 1.14543e-06 0 0.00298004 0 0.909324 0.48324 0.909324 -0.48324 0.75883 0 0.500235 0 0.257282 0 0.198217 0 
2 1 0 0.620257 3.54 12.7977 2.73322 6.59173 69.5715 2.20208 111.63 7.18329 13.0565 2.33495 2.73322 6.59173 69.5715 2.20208 111.63 7.18329 13.0565 2.33495 1.22354e-06 0 0.00306738 0 0.912977 0.488098 0.912977 -0.488098 0.759242 0 0.500312 0 0.25691 0 0.197773 0 
2 1 0 0.521475 3.54 12.7341 2.73049 6.61555 69.3733 2.19932 112.044 7.20925 12.8906 2.34597 2.73049 6.61555 69.3733 2.19932 112.044 7.20925 12.8906 2.34597 1.30484e-06 0 0.00316042 0 0.916782 0.493027 0.916782 -0.493027 0.759647 0 0.500393 0 0.256539 0 0.197332 0 
2 1 0 0.422969 3.54 12.6722 2.72773 6.63939 69.1754 2.19655 112.46 7.23523 12.7248 2.35704 2.72773 6.63939 69.1754 2.19655 112.46 7.23523 12.7248 2.35704 1.38925e-06 0 0.00325955 0 0.920746 0.498027 0.920746 -0.498027 0.760047 0 0.500475 0 0.196893 0 0.256171 0 
2 1 0 0.324742 3.54 12.6119 2.72495 6.66324 68.9778 2.19377 112.875 7.26122 12.5591 2.36816 2.72495 6.66324 68.9778 2.19377 112.875 7.26122 12.5591 2.36816 1.47667e-06 0 0.00336514 0 0.924879 0.503099 0.924879 -0.503099 0.760441 0 0.500561 0 0.255805 0 0.196457 0 
2 1 0 0.226794 3.54 12.5533 2.72214 6.6871 68.7804 2.19096 113.29 7.28723 12.3934 2.37933 2.72214 6.6871 68.7804 2.19096 113.29 7.28723 12.3934 2.37933 1.56697e-06 0 0.00347761 0 0.929188 0.508244 0.929188 -0.508244 0.50065 0 0.760829 0 0.255441 0 0.196024 0 
2 1 0 0.129129 3.54 12.4966 2.71931 6.71098 68.5834 2.18815 113.706 7.31325 12.2279 2.39055 2.71931 6.71098 68.5834 2.18815 113.706 7.31325 12.2279 2.39055 1.66001e-06 0 0.0035974 0 0.933683 0.513462 0.933683 -0.513462 0.761211 0 0.500741 0 0.255078 0 0.195593 0 
2 1 0 0.0317471 3.54 12.4418 2.71644 6.73487 68.3867 2.18531 114.122 7.33928 12.0625 2.40182 2.71644 6.73487 68.3867 2.18531 114.122 7.33928 12.0625 2.40182 1.75562e-06 0 0.00372498 0 0.938374 0.518754 0.938374 -0.518754 0.761588 0 0.500835 0 0.195164 0 0.254718 0 
2 1 0 -0.065349 3.54 12.3889 2.71356 6.75877 68.1902 2.18246 114.538 7.36533 11.8972 2.41315 2.71356 6.75877 68.1902 2.18246 114.538 7.36533 11.8972 2.41315 1.85361e-06 0 0.00386084 0 0.943271 0.524119 0.943271 -0.524119 0.76196 0 0.500932 0 0.194737 0 0.25436 0 
4 -2 0 1.31933 1.31933 13.2848 2.75161 6.42534 70.9677 2.22092 108.733 7.00198 14.2209 2.25916 2.75161 6.42534 70.9677 2.22092 108.733 7.00198 14.2209 2.25916 1.85361e-06 0 0.00386084 0 0.943271 0.524119 0.943271 -0.524119 0.76196 0 0.500932 0 0.194737 0 0.25436 0 
4 -2 0 1.31933 1.31933 13.2848 2.75747 6.42753 70.9846 2.22221 108.752 7.00594 14.2305 2.26344 2.74577 6.42316 70.9508 2.21963 108.715 6.99801 14.2113 2.25489 1 0 1 0 0.0244306 0 9.95913e-05 0 2.16235e-08 0 1.27767e-08 0 -1.17e-11 0 5.76371e-18 0 
3 -2 0 1.31933 1.31933 13.2848 2.75749 6.42754 70.9847 2.22222 108.752 7.00595 14.2306 2.26346 2.74575 6.42315 70.9507 2.21963 108.715 6.998 14.2113 2.25488 1 0 0.999999 0 0.0244305 0 9.97533e-05 0 1.6537e-08 0 5.5125e-10 0 -1.1556e-13 0 4.77819e-21 0 
3 -2 0 1.3193 1.3193 13.2849 2.78101 6.43627 71.0524 2.22739 108.826 7.02181 14.269 2.28067 2.72246 6.4144 70.8832 2.21447 108.64 6.98215 14.173 2.2379 1 0 0.999975 0 0.0244303 0 9.96342e-05 0 2.26504e-08 0 2.09474e-09 0 -9.41906e-19 0 -5.73112e-11 0 
3 -2 0 1.31914 1.31914 13.2857 2.82853 6.45372 71.1882 2.23778 108.974 7.05354 14.3464 2.31556 2.67636 6.39687 70.7485 2.20421 108.49 6.95046 14.0968 2.20441 1 0 0.999827 0 0.0244287 0 9.9051e-05 0 5.78263e-08 0 3.78152e-09 0 -1.14245e-18 0 -7.08972e-11 0 
3 -2 0 1.31838 1.31838 13.2891 2.92541 6.48847 71.4614 2.2587 109.267 7.11702 14.5024 2.38724 2.58609 6.36171 70.4808 2.18384 108.186 6.88715 13.9458 2.13928 1 0 0.998865 0 0.0244057 0 9.9889e-05 0 -1.01648e-08 0 3.77322e-09 0 -2.21026e-10 0 -3.01574e-18 0 
3 -2 0 1.31616 1.31616 13.299 3.07519 6.54025 71.8745 2.29045 109.697 7.21222 14.74 2.49945 2.45565 6.30877 70.0836 2.15374 107.722 6.79242 13.7231 2.04614 1 0 0.996237 0 0.0243472 0 0.000101871 0 -1.62388e-07 0 2.36276e-09 0 -1.43161e-10 0 -7.88268e-18 0 
3 -2 0 1.31252 1.31252 13.3153 3.23658 6.59365 72.3085 2.3239 110.135 7.31127 14.9914 2.62232 2.32617 6.25344 69.6756 2.123 107.23 6.69414 13.4963 1.95484 1.00001 0 0.991954 0 0.0242519 0 0.000103274 0 -3.05001e-07 0 2.40637e-09 0 -1.17259e-10 0 -7.46799e-19 0 
3 -2 0 1.30758 1.30758 13.3377 3.40302 6.64642 72.7457 2.35768 110.562 7.41 15.2466 2.75117 2.20334 6.19801 69.2742 2.09292 106.728 6.59648 13.2749 1.86919 1.00001 0 0.986215 0 0.0241239 0 0.000102486 0 -3.4423e-07 0 2.48206e-09 0 -9.7007e-11 0 6.06874e-18 0 
3 -2 0 1.30141 1.30141 13.3659 3.57401 6.69847 73.1854 2.39173 110.978 7.50837 15.5052 2.88583 2.08727 6.14258 68.8799 2.06356 106.219 6.49959 13.0593 1.78902 1.00001 0 0.979178 0 0.0239652 0 0.000100129 0 -3.13154e-07 0 2.54656e-09 0 -8.21741e-11 0 3.11818e-18 0 
3 -2 0 1.29412 1.29412 13.3996 3.74916 6.74979 73.6273 2.42598 111.383 7.60617 15.7668 3.02609 1.97774 6.08724 68.4929 2.03491 105.7 6.40347 12.8494 1.71401 1.00001 0 0.971014 0 0.0237775 0 9.8012e-05 0 -3.10998e-07 0 2.57648e-09 0 -6.86017e-11 0 -2.29176e-17 0 
3 -2 0 1.28581 1.28581 13.4386 3.928 6.80031 74.0707 2.46035 111.777 7.70332 16.0312 3.17169 1.87471 6.03207 68.1131 2.00703 105.174 6.30837 12.6452 1.64393 1.00001 0 0.961914 0 0.0235642 0 9.55162e-05 0 -3.01204e-07 0 2.58283e-09 0 -5.74245e-11 0 5.1601e-18 0 
3 -2 0 1.27659 1.27659 13.4826 4.11019 6.84997 74.515 2.49484 112.16 7.79984 16.2979 3.32219 1.77797 5.97715 67.7411 1.97989 104.641 6.21441 12.4469 1.57847 1.00001 0 0.952064 0 0.0233281 0 9.29839e-05 0 -3.01499e-07 0 2.56656e-09 0 -4.66111e-11 0 -2.68325e-17 0 
3 -2 0 1.26657 1.26657 13.5312 4.29508 6.89875 74.9596 2.52934 112.532 7.89557 16.5668 3.47761 1.68739 5.92253 67.3766 1.95354 104.102 6.12146 12.2545 1.51739 1.00001 0 0.94165 0 0.0230729 0 8.99344e-05 0 -2.81842e-07 0 2.53008e-09 0 -3.92066e-11 0 1.22752e-18 0 
3 -2 0 1.25586 1.25586 13.5841 4.48236 6.94662 75.4043 2.56381 112.895 7.99038 16.8375 3.63742 1.60265 5.86821 67.0198 1.9279 103.557 6.02983 12.0678 1.46037 1.00001 0 0.930837 0 0.0228016 0 8.67142e-05 0 -2.60102e-07 0 2.47581e-09 0 -3.30752e-11 0 -2.58682e-17 0 
3 -2 0 1.24458 1.24458 13.641 4.67169 6.99361 75.8486 2.59823 113.247 8.08431 17.1097 3.80091 1.52357 5.81429 66.6708 1.90306 103.005 5.93948 11.8868 1.40715 1.00001 0 0.919773 0 0.0225172 0 8.32817e-05 0 -2.301e-07 0 2.41239e-09 0 -2.66565e-11 0 -2.89646e-17 0 
3 -2 0 1.23282 1.23282 13.7015 4.86262 7.03966 76.2924 2.63253 113.591 8.17736 17.3833 3.96855 1.44963 5.76082 66.3296 1.87892 102.449 5.85053 11.7114 1.35744 1.00001 0 0.90859 0 0.0222228 0 7.98818e-05 0 -2.08021e-07 0 2.33055e-09 0 -2.25817e-11 0 -2.5891e-18 0 
3 -2 0 1.22067 1.22067 13.7653 5.05489 7.08483 76.7353 2.66675 113.925 8.26937 17.6581 4.13956 1.38055 5.70783 65.996 1.85554 101.889 5.76292 11.5414 1.31097 1.00001 0 0.897395 0 0.0219209 0 7.64536e-05 0 -1.86881e-07 0 2.23908e-09 0 -1.9173e-11 0 -1.28051e-18 0 
3 -2 0 1.20821 1.20821 13.832 5.24851 7.12915 77.1764 2.70079 114.25 8.36039 17.9342 4.31366 1.31606 5.65534 65.6694 1.83282 101.325 5.67666 11.3765 1.26739 1 0 0.886276 0 0.0216141 0 7.33684e-05 0 -1.90036e-07 0 2.13224e-09 0 -1.58195e-11 0 -6.02765e-20 0 
3 -2 0 1.19554 1.19554 13.9016 5.44268 7.17255 77.617 2.73468 114.567 8.45043 18.2109 4.49027 1.25594 5.60338 65.3503 1.81078 100.758 5.59196 11.2168 1.22665 1 0 0.875303 0 0.0213048 0 6.97787e-05 0 -1.58563e-07 0 2.03349e-09 0 -1.34763e-11 0 -2.58929e-17 0 
3 -2 0 1.1827 1.1827 13.9735 5.63742 7.2151 78.0562 2.76836 114.876 8.53961 18.4883 4.66923 1.19981 5.55188 65.0381 1.78944 100.187 5.50846 11.0621 1.18847 1 0 0.864529 0 0.0209948 0 6.64212e-05 0 -1.41162e-07 0 1.92705e-09 0 -1.14899e-11 0 -2.17562e-17 0 
3 -2 0 1.16976 1.16976 14.0476 5.83256 7.2568 78.4932 2.8018 115.178 8.62773 18.7663 4.85015 1.14734 5.50081 64.7322 1.7687 99.6138 5.42653 10.912 1.15265 1 0 0.853993 0 0.0206858 0 6.31945e-05 0 -1.30528e-07 0 1.81497e-09 0 -1.03634e-11 0 -3.67719e-17 0 
3 -2 0 1.15676 1.15676 14.1237 6.02793 7.29767 78.9294 2.83502 115.473 8.7148 19.0448 5.03352 1.09834 5.45034 64.4328 1.74854 99.0381 5.34588 10.7664 1.11899 1 0 0.843723 0 0.0203793 0 5.99848e-05 0 -1.16084e-07 0 1.70801e-09 0 -8.85784e-12 0 -2.59446e-17 0 
3 -2 0 1.14376 1.14376 14.2016 6.22338 7.33774 79.3639 2.86809 115.761 8.80083 19.3238 5.21855 1.0525 5.4004 64.1398 1.729 98.4602 5.2667 10.6252 1.08732 1 0 0.833736 0 0.0200767 0 5.68712e-05 0 -1.0336e-07 0 1.60251e-09 0 -7.57454e-12 0 2.99942e-17 0 
3 -2 0 1.13079 1.13079 14.281 6.41879 7.37703 79.7968 2.90091 116.043 8.88623 19.6028 5.40491 1.00958 5.351 63.853 1.71001 97.8805 5.18889 10.4882 1.05748 1 0 0.824042 0 0.0197789 0 5.37412e-05 0 -8.30633e-08 0 1.50642e-09 0 -6.52356e-12 0 4.9032e-18 0 
3 -2 0 1.11786 1.11786 14.3618 6.61408 7.41559 80.228 2.93352 116.319 8.97059 19.8826 5.5925 0.969359 5.30212 63.5721 1.69157 97.2991 5.11252 10.3551 1.02929 1.00087 0 0.81401 0 0.0193281 0 0.000413549 0 -3.8064e-06 0 1.30713e-09 0 -5.7186e-12 0 -4.88959e-17 0 
3 -2 0 1.10503 1.10503 14.4439 6.80915 7.45343 80.6575 2.9659 116.59 9.05398 20.1627 5.78102 0.931636 5.25372 63.2969 1.6736 96.7164 5.03729 10.2258 1.00265 1.00088 0 0.804897 0 0.0190414 0 0.000409914 0 -3.67659e-06 0 1.21592e-09 0 -4.88975e-12 0 6.27966e-19 0 
3 -2 0 1.09229 1.09229 14.527 7.00363 7.49065 81.0847 2.99797 116.854 9.13649 20.4431 5.97053 0.896139 5.20576 63.0259 1.65615 96.1343 4.96336 10.0999 0.977432 1.00088 0 0.796098 0 0.0187683 0 0.000392695 0 -3.54205e-06 0 1.12281e-09 0 -4.38774e-12 0 -2.52184e-17 0 
3 -2 0 1.07968 1.07968 14.6111 7.19804 7.52715 81.5113 3.02992 117.115 9.21818 20.7237 6.16067 0.862861 5.15825 62.761 1.63919 95.549 4.89084 9.97761 0.953599 1.00088 0 0.787564 0 0.0184985 0 0.000384303 0 -3.40989e-06 0 1.04087e-09 0 -3.75849e-12 0 -2.05782e-17 0 
3 -2 0 1.0672 1.0672 14.6961 7.39205 7.56301 81.9365 3.06164 117.371 9.29897 21.0045 6.35122 0.831551 5.11123 62.5011 1.62263 94.9628 4.81933 9.85863 0.931003 1.00088 0 0.779304 0 0.0182382 0 0.000374076 0 -3.23629e-06 0 9.71706e-10 0 -3.3367e-12 0 -1.91631e-17 0 
3 -2 0 1.05486 1.05486 14.7818 7.58548 7.59815 82.3599 3.09313 117.622 9.37883 21.2851 6.54256 0.802055 5.06471 62.2449 1.60653 94.3745 4.74909 9.74285 0.909595 1.00083 0 0.771335 0 0.0179732 0 0.00038797 0 -3.16099e-06 0 8.91399e-10 0 -2.60067e-12 0 -1.10573e-18 0 
3 -2 0 1.04268 1.04268 14.8681 7.77863 7.63279 82.7824 3.12438 117.869 9.45813 21.5665 6.73374 0.774248 5.01858 61.9938 1.59081 93.7869 4.68002 9.63005 0.889164 1.00082 0 0.763582 0 0.0177293 0 0.000376531 0 -3.03427e-06 0 8.22769e-10 0 -2.22595e-12 0 1.6248e-17 0 
3 -2 0 1.03065 1.03065 14.955 7.9713 7.66686 83.2035 3.15542 118.112 9.53662 21.848 6.92518 0.747999 4.9729 61.7471 1.57554 93.1989 4.61214 9.52015 0.869722 1.00081 0 0.756064 0 0.0174941 0 0.000364583 0 -2.91081e-06 0 7.58538e-10 0 -1.90537e-12 0 2.07958e-18 0 
3 -2 0 1.01879 1.01879 15.0425 8.16291 7.70045 83.6226 3.18624 118.351 9.61431 22.1295 7.11764 0.72321 4.92765 61.5047 1.56056 92.6126 4.54535 9.41297 0.851221 1.00079 0 0.748658 0 0.0172813 0 0.000322429 0 -2.72504e-06 0 7.03006e-10 0 -1.63077e-12 0 -3.73758e-17 0 
3 -2 0 1.00709 1.00709 15.1303 8.35455 7.73344 84.0415 3.21691 118.588 9.69123 22.4114 7.30899 0.699744 4.8828 61.2664 1.54603 92.0241 4.47968 9.30845 0.833551 1.00076 0 0.741577 0 0.0170635 0 0.000310103 0 -2.61241e-06 0 6.4677e-10 0 -1.39402e-12 0 -5.5495e-17 0 
3 -2 0 0.995565 0.995565 15.2185 8.54567 7.76591 84.4593 3.24742 118.821 9.7674 22.6935 7.50126 0.677522 4.83836 61.0321 1.53175 91.4349 4.41509 9.20646 0.816681 1.00073 0 0.734688 0 0.0168542 0 0.000297832 0 -2.50353e-06 0 5.94502e-10 0 -1.1917e-12 0 4.46677e-18 0 
3 -2 0 0.984203 0.984203 15.307 8.73698 7.79774 84.8759 3.27779 119.051 9.84299 22.9764 7.69317 0.656564 4.79432 60.8009 1.51785 90.8432 4.35144 9.10675 0.800637 1.00077 0 0.72796 0 0.0166568 0 0.000278403 0 -2.39414e-06 0 5.45836e-10 0 -1.03612e-12 0 2.72135e-17 0 
3 -2 0 0.97301 0.97301 15.3958 8.92698 7.82924 85.2915 3.3079 119.278 9.9178 23.2591 7.884 0.636571 4.75065 60.5739 1.50431 90.2538 4.28889 9.00948 0.785191 1.00074 0 0.721416 0 0.0164642 0 0.000266668 0 -2.29313e-06 0 5.00959e-10 0 -8.8607e-13 0 -4.72453e-17 0 
3 -2 0 0.961983 0.961983 15.4849 9.11643 7.86028 85.7063 3.33783 119.503 9.99191 23.5421 8.07577 0.61758 4.70735 60.3497 1.49098 89.6643 4.22726 8.91444 0.770399 1.00071 0 0.715025 0 0.0162798 0 0.000255194 0 -2.19594e-06 0 4.59467e-10 0 -7.57974e-13 0 9.59862e-18 0 
3 -2 0 0.95112 0.95112 15.5741 9.30557 7.89087 86.1213 3.36761 119.725 10.0655 23.8258 8.2667 0.59941 4.66437 60.1289 1.47798 89.0763 4.16651 8.82158 0.75625 1.0004 0 0.70916 0 0.0161244 0 0.00020808 0 -2.06932e-06 0 4.23638e-10 0 -6.32474e-13 0 -9.55816e-18 0 
3 -2 0 0.940421 0.940421 15.6634 9.49394 7.92103 86.5346 3.3972 119.944 10.1384 24.1094 8.45654 0.582228 4.62177 59.9118 1.46531 88.4864 4.10672 8.7307 0.74264 1.00038 0 0.703026 0 0.0159554 0 0.00019834 0 -1.9809e-06 0 3.88004e-10 0 -5.41079e-13 0 -3.15356e-18 0 
3 -2 0 0.929883 0.929883 15.7528 9.68176 7.95079 86.9474 3.42664 120.161 10.2106 24.3933 8.64735 0.56586 4.5795 59.6969 1.45284 87.8965 4.04776 8.6418 0.729572 1.00037 0 0.697009 0 0.0157943 0 0.00018898 0 -1.89614e-06 0 3.55201e-10 0 -4.63018e-13 0 -2.14348e-17 0 
3 -2 0 0.919502 0.919502 15.8424 9.86871 7.98028 87.3598 3.45588 120.375 10.2825 24.6776 8.83715 0.550301 4.53751 59.4854 1.44065 87.3077 3.98979 8.55532 0.717008 1.00041 0 0.691079 0 0.0156394 0 0.000183021 0 -1.81617e-06 0 3.24945e-10 0 -3.87984e-13 0 -1.68386e-17 0 
3 -2 0 0.909275 0.909275 15.932 10.0554 8.00924 87.7714 3.48508 120.586 10.3535 24.9623 9.02541 0.535406 4.49587 59.2772 1.42872 86.7186 3.93257 8.47012 0.704931 1.0004 0 0.685266 0 0.0154937 0 0.000174197 0 -1.73818e-06 0 2.97235e-10 0 -3.31965e-13 0 8.80055e-19 0 
3 -2 0 0.8992 0.8992 16.0216 10.2416 8.03782 88.1826 3.51413 120.796 10.424 25.2473 9.2134 0.52118 4.45453 59.0714 1.41706 86.1298 3.87619 8.38669 0.693306 1.00037 0 0.679577 0 0.0153564 0 0.000162495 0 -1.65817e-06 0 2.71936e-10 0 -2.83822e-13 0 2.626e-17 0 
3 -2 0 0.889272 0.889272 16.1112 10.4263 8.06608 88.5933 3.54309 121.002 10.494 25.5331 9.4015 0.507624 4.41344 58.8671 1.40558 85.5383 3.82073 8.30445 0.682114 1.0002 0 0.674226 0 0.0152502 0 0.000105594 0 -1.49925e-06 0 2.49679e-10 0 -2.34031e-13 0 4.10061e-18 0 
3 -2 0 0.879489 0.879489 16.2008 10.6113 8.09394 89.0038 3.57183 121.21 10.5634 25.8189 9.58746 0.494617 4.37268 58.6668 1.39433 84.9494 3.76596 8.22437 0.671322 1.0002 0 0.668632 0 0.0151251 0 0.000101503 0 -1.43885e-06 0 2.28126e-10 0 -2.00087e-13 0 9.12091e-18 0 
3 -2 0 0.869846 0.869846 16.2904 10.7959 8.12145 89.4139 3.60044 121.415 10.6323 26.1052 9.77459 0.482165 4.33214 58.4692 1.38333 84.3607 3.71197 8.14587 0.660912 1.00023 0 0.662946 0 0.0150008 0 0.00010988 0 -1.40756e-06 0 2.07951e-10 0 -1.71538e-13 0 -9.37119e-18 0 
3 -2 0 0.860341 0.860341 16.38 10.9801 8.14862 89.8228 3.6289 121.618 10.7006 26.3923 9.95967 0.470166 4.29194 58.2731 1.37253 83.7743 3.65881 8.06901 0.650859 1.00019 0 0.657565 0 0.0149 0 8.64901e-05 0 -1.30538e-06 0 1.90205e-10 0 -1.41481e-13 0 1.16492e-17 0 
3 -2 0 0.850968 0.850968 16.4695 11.1636 8.17546 90.2325 3.65725 121.82 10.7685 26.6795 10.1434 0.458727 4.25197 58.0803 1.36188 83.1867 3.60637 7.99348 0.641151 1.00018 0 0.652131 0 0.0147964 0 8.25758e-05 0 -1.25173e-06 0 1.73699e-10 0 -1.20757e-13 0 -2.06288e-17 0 
3 -2 0 0.841725 0.841725 16.5589 11.3466 8.20199 90.642 3.68548 122.019 10.8358 26.9671 10.3281 0.447751 4.21224 57.8898 1.35148 82.5994 3.55466 7.91938 0.631768 1.00017 0 0.646734 0 0.0146998 0 7.88506e-05 0 -1.20036e-06 0 1.58606e-10 0 -1.03109e-13 0 6.86176e-18 0 
3 -2 0 0.832608 0.832608 16.6483 11.5299 8.22822 91.0512 3.7137 122.217 10.9024 27.2557 10.5104 0.437191 4.1728 57.7007 1.34126 82.0115 3.50356 7.84701 0.622661 1.00018 0 0.64136 0 0.0146084 0 7.82322e-05 0 -1.15608e-06 0 1.44781e-10 0 -8.42566e-14 0 -1.75156e-17 0 
3 -2 0 0.823613 0.823613 16.7375 11.712 8.25414 91.4608 3.74178 122.414 10.9688 27.5443 10.693 0.427065 4.13362 57.5146 1.33119 81.4244 3.45323 7.77561 0.613874 1.00017 0 0.636015 0 0.0145255 0 7.47108e-05 0 -1.10862e-06 0 1.32174e-10 0 -7.18491e-14 0 -5.2492e-18 0 
3 -2 0 0.814737 0.814737 16.8267 11.8935 8.27976 91.8703 3.76975 122.609 11.0347 27.8334 10.8742 0.417329 4.09466 57.3307 1.32134 80.8377 3.40357 7.7055 0.605366 1.00013 0 0.630676 0 0.014433 0 9.35203e-05 0 -9.99863e-07 0 1.18527e-10 0 -3.96417e-14 0 5.69048e-19 0 
3 -2 0 0.805975 0.805975 16.9157 12.0763 8.30506 92.2809 3.79745 122.801 11.1001 28.1233 11.054 0.407964 4.05585 57.1483 1.31162 80.251 3.35443 7.63688 0.597048 1.00013 0 0.625373 0 0.0143606 0 9.50233e-05 0 -9.62226e-07 0 1.08178e-10 0 -3.19346e-14 0 -8.75411e-18 0 
3 -2 0 0.797325 0.797325 17.0046 12.2569 8.33013 92.6905 3.8252 122.994 11.1649 28.4135 11.2323 0.398947 4.01737 56.9686 1.30211 79.6653 3.30606 7.56923 0.58905 1.00012 0 0.620055 0 0.0142981 0 9.11309e-05 0 -9.22899e-07 0 9.87371e-11 0 -2.70223e-14 0 1.84048e-17 0 
3 -2 0 0.788783 0.788783 17.0934 12.4371 8.35494 93.1003 3.85289 123.185 11.2293 28.7042 11.409 0.390261 3.9791 56.7908 1.29277 79.0801 3.25833 7.50275 0.581292 1.00012 0 0.614735 0 0.0142423 0 8.74164e-05 0 -8.85265e-07 0 9.01202e-11 0 -2.28121e-14 0 -8.12504e-18 0 
3 -2 0 0.780345 0.780345 17.1821 12.6168 8.37944 93.5103 3.88052 123.374 11.2933 28.9954 11.5859 0.381893 3.94097 56.6136 1.2835 78.4947 3.21118 7.43726 0.573764 1.00012 0 0.609403 0 0.0141923 0 8.48515e-05 0 -8.48275e-07 0 8.22356e-11 0 -1.81543e-14 0 -1.75808e-17 0 
3 -2 0 0.772008 0.772008 17.2706 12.796 8.40372 93.9204 3.90797 123.562 11.3569 29.2872 11.7626 0.37382 3.90314 56.4396 1.27447 77.9105 3.16467 7.37308 0.566457 1.00012 0 0.604069 0 0.0141487 0 8.28064e-05 0 -8.15027e-07 0 7.50701e-11 0 -1.52924e-14 0 1.52728e-17 0 
3 -2 0 0.763769 0.763769 17.359 12.9748 8.42774 94.3307 3.93533 123.749 11.4199 29.5796 11.9375 0.366029 3.86552 56.2674 1.26555 77.3269 3.11875 7.30997 0.559334 1.00011 0 0.598704 0 0.0141125 0 7.95815e-05 0 -7.82066e-07 0 6.85227e-11 0 -1.28353e-14 0 1.49579e-17 0 
3 -2 0 0.755624 0.755624 17.4472 13.1522 8.4515 94.7403 3.96278 123.934 11.4827 29.8721 12.1109 0.358513 3.82803 56.0956 1.25674 76.7438 3.0735 7.24738 0.552384 1.00011 0 0.593315 0 0.0140828 0 7.65456e-05 0 -7.493e-07 0 6.25427e-11 0 -9.8657e-15 0 1.00129e-17 0 
3 -2 0 0.747571 0.747571 17.5353 13.33 8.47504 95.1511 3.99 124.118 11.5449 30.1656 12.2828 0.351247 3.79082 55.9268 1.24813 76.1614 3.02874 7.18629 0.545646 1.00011 0 0.587894 0 0.0140598 0 7.35749e-05 0 -7.1913e-07 0 5.70933e-11 0 -8.12202e-15 0 -6.71421e-18 0 
3 -2 0 0.739606 0.739606 17.6232 13.5073 8.49834 95.5622 4.01714 124.301 11.6067 30.4597 12.4528 0.344225 3.75381 55.7598 1.23965 75.5796 2.98454 7.12618 0.539092 1.0001 0 0.582438 0 0.0140435 0 7.07342e-05 0 -6.90247e-07 0 5.2122e-11 0 -6.75753e-15 0 9.89742e-18 0 
3 -2 0 0.731726 0.731726 17.7109 13.6852 8.52143 95.9743 4.04425 124.484 11.6682 30.7535 12.6233 0.337459 3.71695 55.5932 1.23123 75.0012 2.9408 7.06723 0.532718 1.0001 0 0.576942 0 0.0140343 0 6.70493e-05 0 -6.60112e-07 0 4.75713e-11 0 -5.00234e-15 0 -1.16583e-18 0 
3 -2 0 0.723928 0.723928 17.7985 13.8617 8.54426 96.3866 4.07125 124.664 11.7292 31.0488 12.7906 0.33089 3.68032 55.4294 1.223 74.4207 2.89767 7.009 0.526512 1.0001 0 0.5714 0 0.0140315 0 6.4457e-05 0 -6.33744e-07 0 4.3435e-11 0 -4.02254e-15 0 -2.18908e-17 0 
3 -2 0 0.71621 0.71621 17.8859 14.0377 8.56687 96.7994 4.09817 124.843 11.7898 31.3447 12.9594 0.324531 3.64389 55.2671 1.21492 73.841 2.85507 6.95167 0.520469 1.0001 0 0.565808 0 0.0140355 0 6.19791e-05 0 -6.08499e-07 0 3.96615e-11 0 -3.25846e-15 0 -6.4794e-18 0 
3 -2 0 0.708568 0.708568 17.9732 14.2145 8.58928 97.2131 4.12505 125.024 11.85 31.6407 13.1254 0.318403 3.60765 55.1062 1.2069 73.2653 2.81297 6.8952 0.514598 1.0001 0 0.56016 0 0.0140462 0 5.98506e-05 0 -5.82856e-07 0 3.61992e-11 0 -2.53394e-15 0 -7.30298e-18 0 
3 -2 0 0.701 0.701 18.0602 14.3898 8.61146 97.6267 4.15184 125.201 11.9098 31.9378 13.2911 0.312438 3.57159 54.9471 1.19902 72.6864 2.7714 6.83962 0.508859 1.00009 0 0.554455 0 0.0140644 0 5.75347e-05 0 -5.59749e-07 0 3.30597e-11 0 -1.92944e-15 0 -1.95401e-17 0 
3 -2 0 0.693503 0.693503 18.1471 14.5646 8.63343 98.0409 4.17856 125.377 11.9692 32.2355 13.4548 0.306656 3.53571 54.7895 1.19122 72.1082 2.73034 6.78487 0.503263 1.00009 0 0.548686 0 0.0140897 0 5.53347e-05 0 -5.37633e-07 0 3.0195e-11 0 -1.4435e-15 0 9.36401e-18 0 
3 -2 0 0.686074 0.686074 18.2338 14.7398 8.65513 98.4555 4.20531 125.556 12.0277 32.5329 13.617 0.301081 3.5 54.6331 1.1836 71.53 2.68982 6.7308 0.49786 1.00009 0 0.542857 0 0.0141209 0 5.5339e-05 0 -5.16264e-07 0 2.75704e-11 0 -1.03682e-15 0 1.18191e-17 0 
3 -2 0 0.678712 0.678712 18.3204 14.9138 8.67672 98.8707 4.23192 125.731 12.0863 32.8318 13.7772 0.295642 3.46447 54.478 1.17602 70.9533 2.64975 6.67766 0.492529 1.00009 0 0.536947 0 0.0141612 0 5.32993e-05 0 -4.95994e-07 0 2.51855e-11 0 -7.03926e-16 0 3.75895e-17 0 
3 -2 0 0.671412 0.671412 18.4067 15.0875 8.69811 99.2864 4.25847 125.904 12.1446 33.1314 13.9361 0.290358 3.42912 54.3243 1.16856 70.3773 2.61015 6.6253 0.487327 1.00009 0 0.530961 0 0.0142094 0 5.13603e-05 0 -4.76589e-07 0 2.30089e-11 0 -4.39273e-16 0 1.78643e-17 0 
3 -2 0 0.664174 0.664174 18.4929 15.2585 8.71917 99.7015 4.2849 126.08 12.2031 33.4317 14.0941 0.285185 3.39394 54.1718 1.16124 69.7996 2.57103 6.57373 0.48227 1.00008 0 0.524891 0 0.0142667 0 4.77378e-05 0 -4.55631e-07 0 2.10111e-11 0 -1.01227e-16 0 2.34426e-17 0 
3 -2 0 0.656994 0.656994 18.5789 15.4313 8.74013 100.118 4.31136 126.252 12.2607 33.7324 14.2528 0.280202 3.35894 54.0212 1.15399 69.2252 2.5323 6.52286 0.47733 1.00008 0 0.518738 0 0.0143312 0 4.59276e-05 0 -4.37909e-07 0 1.91985e-11 0 1.48944e-16 0 -8.78078e-17 0 
3 -2 0 0.649871 0.649871 18.6647 15.6038 8.7609 100.536 4.33777 126.424 12.3179 34.0337 14.4094 0.275359 3.3241 53.872 1.14685 68.6516 2.49403 6.47271 0.472506 1.00008 0 0.512502 0 0.014403 0 4.59108e-05 0 -4.21791e-07 0 1.75442e-11 0 2.34486e-16 0 3.68158e-17 0 
3 -2 0 0.642802 0.642802 18.7504 15.7738 8.78161 100.956 4.36388 126.595 12.3748 34.3368 14.5634 0.270621 3.28944 53.7239 1.13984 68.0766 2.45615 6.42318 0.467751 1.00007 0 0.506168 0 0.0144849 0 4.40777e-05 0 -4.04061e-07 0 1.60249e-11 0 4.66902e-16 0 -6.08403e-17 0 
3 -2 0 0.635784 0.635784 18.8358 15.9455 8.80202 101.376 4.39014 126.764 12.4313 34.6395 14.717 0.266045 3.25494 53.5773 1.13286 67.5048 2.41879 6.37441 0.463142 1.00007 0 0.499735 0 0.0145762 0 4.24717e-05 0 -3.88517e-07 0 1.46455e-11 0 4.77261e-16 0 -5.528e-17 0 
3 -2 0 0.628817 0.628817 18.9211 16.1168 8.82225 101.796 4.41635 126.932 12.4875 34.9428 14.8685 0.261593 3.2206 53.432 1.12599 66.9337 2.38187 6.3263 0.458636 1.00007 0 0.493199 0 0.0146772 0 4.09505e-05 0 -3.73635e-07 0 1.33855e-11 0 5.8826e-16 0 -1.53205e-17 0 
3 -2 0 0.621897 0.621897 19.0062 16.2899 8.84252 102.217 4.44286 127.101 12.5434 35.2475 15.0192 0.257255 3.18644 53.288 1.11926 66.3633 2.3455 6.27889 0.454171 1.00008 0 0.486547 0 0.0147796 0 4.98699e-05 0 -3.61466e-07 0 1.22225e-11 0 7.18972e-16 0 -4.56202e-17 0 
3 -2 0 0.615022 0.615022 19.0911 16.4602 8.86242 102.639 4.469 127.268 12.5988 35.5521 15.1675 0.253037 3.15243 53.1452 1.11255 65.7941 2.30945 6.23207 0.449855 1.00008 0 0.479796 0 0.0149014 0 4.82407e-05 0 -3.4766e-07 0 1.11723e-11 0 6.48115e-16 0 -3.11402e-17 0 
3 -2 0 0.608191 0.608191 19.1758 16.63 8.88215 103.062 4.4951 127.434 12.654 35.8573 15.3135 0.248929 3.11858 53.0036 1.10595 65.2257 2.27369 6.18587 0.445633 1.0001 0 0.472924 0 0.0150289 0 5.28819e-05 0 -3.35768e-07 0 1.02102e-11 0 6.87887e-16 0 -2.10377e-17 0 
3 -2 0 0.601402 0.601402 19.2603 16.8013 8.90181 103.484 4.5212 127.598 12.7084 36.1636 15.4607 0.244927 3.08492 52.8613 1.09943 64.6582 2.23827 6.14024 0.441481 1.00007 0 0.465959 0 0.0151859 0 3.70599e-05 0 -3.18665e-07 0 9.33612e-12 0 6.9856e-16 0 -6.2065e-18 0 
3 -2 0 0.594653 0.594653 19.3447 16.9705 8.92125 103.908 4.54723 127.764 12.7629 36.4702 15.6068 0.241027 3.05139 52.7217 1.09301 64.0917 2.20336 6.09524 0.437427 1.00007 0 0.45885 0 0.0153465 0 3.10225e-05 0 -3.05781e-07 0 8.57028e-12 0 8.83495e-16 0 -2.97678e-18 0 
3 -2 0 0.587941 0.587941 19.4288 17.1394 8.94053 104.333 4.57322 127.928 12.817 36.7773 15.7507 0.237224 3.01802 52.5832 1.08669 63.5262 2.16886 6.05081 0.433458 1.00007 0 0.451611 0 0.0155168 0 2.99676e-05 0 -2.94477e-07 0 7.83373e-12 0 8.64681e-16 0 -1.77332e-17 0 
3 -2 0 0.581266 0.581266 19.5128 17.3078 8.95965 104.757 4.59918 128.092 12.8711 37.0852 15.8927 0.233517 2.98485 52.4462 1.08038 62.9617 2.13478 6.00715 0.429573 1.00008 0 0.444235 0 0.0156964 0 3.40134e-05 0 -2.85021e-07 0 7.15755e-12 0 9.61455e-16 0 1.23283e-17 0 
3 -2 0 0.574625 0.574625 19.5966 17.4758 8.97861 105.184 4.62508 128.254 12.9246 37.3937 16.0325 0.229899 2.95179 52.3099 1.07419 62.3981 2.10108 5.96386 0.425769 1.00008 0 0.436726 0 0.015896 0 3.28188e-05 0 -2.74501e-07 0 6.54211e-12 0 8.68012e-16 0 4.61138e-18 0 
3 -2 0 0.568016 0.568016 19.6802 17.6435 8.99742 105.612 4.65095 128.415 12.9779 37.7028 16.1708 0.226368 2.91889 52.1747 1.06809 61.8355 2.06777 5.92111 0.422041 1.00008 0 0.429075 0 0.0161118 0 3.16924e-05 0 -2.64421e-07 0 5.97928e-12 0 7.82525e-16 0 -1.58732e-17 0 
3 -2 0 0.561439 0.561439 19.7637 17.8107 9.01607 106.042 4.67678 128.576 13.0309 38.0126 16.3097 0.222927 2.88616 52.041 1.06202 61.2744 2.03473 5.87937 0.418393 1.00006 0 0.421281 0 0.0163477 0 2.77739e-05 0 -2.53687e-07 0 5.46464e-12 0 8.31857e-16 0 1.57139e-18 0 
3 -2 0 0.55489 0.55489 19.8469 17.9775 9.03457 106.473 4.70257 128.735 13.0835 38.323 16.4475 0.219562 2.85344 51.908 1.05605 60.7138 2.00204 5.83769 0.414814 1.00006 0 0.41333 0 0.0165993 0 2.68918e-05 0 -2.44511e-07 0 4.9937e-12 0 7.95726e-16 0 -3.38526e-18 0 
3 -2 0 0.54837 0.54837 19.93 18.144 9.05292 106.904 4.72833 128.894 13.1358 38.634 16.5829 0.216274 2.82086 51.776 1.05016 60.1544 1.96972 5.79652 0.411306 1.00006 0 0.405223 0 0.016871 0 2.60678e-05 0 -2.35717e-07 0 4.56281e-12 0 7.87844e-16 0 -7.17504e-19 0 
3 -2 0 0.541875 0.541875 20.0129 18.3102 9.07116 107.336 4.75406 129.053 13.1878 38.9456 16.7155 0.213071 2.78841 51.645 1.04432 59.5966 1.93776 5.75589 0.407857 1.00006 0 0.396951 0 0.0171644 0 2.53081e-05 0 -2.27108e-07 0 4.16821e-12 0 7.61119e-16 0 3.03694e-18 0 
3 -2 0 0.535405 0.535405 20.0956 18.4759 9.08923 107.769 4.77976 129.21 13.2395 39.2578 16.8469 0.209932 2.75614 51.5151 1.03858 59.0393 1.90619 5.71565 0.404482 1.00003 0 0.388509 0 0.017488 0 1.89986e-05 0 -2.17145e-07 0 3.80811e-12 0 7.60694e-16 0 -4.24569e-18 0 
3 -2 0 0.528958 0.528958 20.1782 18.6413 9.10716 108.203 4.80542 129.366 13.291 39.5707 16.9798 0.206863 2.72402 51.3861 1.03292 58.483 1.87498 5.67587 0.401173 1.00003 0 0.379894 0 0.0178314 0 1.83629e-05 0 -2.09501e-07 0 3.47804e-12 0 6.35605e-16 0 -2.10521e-18 0 
3 -2 0 0.522532 0.522532 20.2605 18.806 9.12499 108.638 4.83104 129.524 13.3416 39.8841 17.1099 0.203878 2.69202 51.2581 1.02725 57.9293 1.84422 5.6365 0.397894 1.00003 0 0.371097 0 0.0182036 0 1.75746e-05 0 -2.01946e-07 0 3.17563e-12 0 6.45464e-16 0 1.45332e-19 0 
3 -2 0 0.516127 0.516127 20.3427 18.9707 9.14266 109.073 4.85665 129.679 13.3925 40.1982 17.2385 0.200943 2.6602 51.1312 1.0217 57.3754 1.81356 5.59771 0.394704 1.00003 0 0.362111 0 0.018607 0 1.69778e-05 0 -1.94913e-07 0 2.89895e-12 0 7.02297e-16 0 1.96712e-18 0 
3 -2 0 0.50974 0.50974 20.4247 19.135 9.1602 109.51 4.88222 129.833 13.443 40.513 17.3646 0.198064 2.62852 51.0053 1.01615 56.8225 1.78325 5.55937 0.391573 1.00006 0 0.352928 0 0.0190367 0 2.30783e-05 0 -1.8997e-07 0 2.64496e-12 0 5.71277e-16 0 -1.90476e-18 0 
3 -2 0 0.50337 0.50337 20.5066 19.2984 9.17752 109.947 4.90729 129.982 13.4939 40.8281 17.4884 0.195216 2.59698 50.8802 1.01066 56.2735 1.75327 5.52058 0.388538 1.00006 0 0.343543 0 0.0195136 0 2.23829e-05 0 -1.83258e-07 0 2.41303e-12 0 5.87112e-16 0 5.88447e-18 0 
3 -2 0 0.497016 0.497016 20.5882 19.4617 9.19476 110.386 4.93283 130.137 13.5439 41.144 17.6143 0.192449 2.5656 50.756 1.00527 55.723 1.72367 5.48305 0.385505 1.00006 0 0.333945 0 0.0200341 0 2.15541e-05 0 -1.76912e-07 0 2.20088e-12 0 5.13849e-16 0 -2.61277e-19 0 
3 -2 0 0.490677 0.490677 20.6697 19.6247 9.21187 110.826 4.95834 130.291 13.5937 41.4606 17.7384 0.189738 2.53437 50.6327 0.999949 55.1737 1.6944 5.44594 0.382526 1.00006 0 0.324124 0 0.0206034 0 2.07531e-05 0 -1.70826e-07 0 2.00651e-12 0 5.41587e-16 0 3.72577e-18 0 
3 -2 0 0.484351 0.484351 20.751 19.787 9.22887 111.266 4.9837 130.444 13.6432 41.777 17.8601 0.187061 2.50329 50.5105 0.994666 54.6316 1.66559 5.40947 0.379603 1.00006 0 0.314072 0 0.0212278 0 2.00171e-05 0 -1.64876e-07 0 1.82847e-12 0 5.70959e-16 0 5.15851e-18 0 
3 -2 0 0.478036 0.478036 20.8322 19.9492 9.24572 111.71 5.00911 130.596 13.6923 42.0948 17.98 0.184461 2.47236 50.389 0.989454 54.0851 1.63693 5.3732 0.376729 1.00006 0 0.303773 0 0.0219153 0 1.92426e-05 0 -1.59277e-07 0 1.66567e-12 0 4.36528e-16 0 8.8984e-18 0 
3 -2 0 0.471732 0.471732 20.9132 20.1111 9.26244 112.154 5.03449 130.748 13.7413 42.4132 18.0973 0.181912 2.44158 50.2684 0.984309 53.54 1.60846 5.33732 0.373907 1.00006 0 0.293216 0 0.022675 0 1.85176e-05 0 -1.53911e-07 0 1.51628e-12 0 5.81056e-16 0 1.37673e-18 0 
3 -2 0 0.465438 0.465438 20.994 20.2729 9.27923 112.6 5.0601 130.898 13.7898 42.7312 18.2145 0.179412 2.41096 50.1486 0.979193 52.9962 1.58028 5.30181 0.371139 1.00006 0 0.282384 0 0.0235185 0 1.77895e-05 0 -1.48677e-07 0 1.37965e-12 0 5.17208e-16 0 9.28441e-20 0 
3 -2 0 0.459151 0.459151 21.0746 20.434 9.29572 113.047 5.08544 131.047 13.8383 43.0507 18.3326 0.176959 2.38048 50.0297 0.974158 52.4536 1.55249 5.26669 0.368412 1.00005 0 0.271257 0 0.0244589 0 1.77707e-05 0 -1.43835e-07 0 1.25437e-12 0 4.98566e-16 0 4.82364e-18 0 
3 -2 0 0.452872 0.452872 21.1551 20.5948 9.31209 113.494 5.11076 131.196 13.8864 43.3708 18.4481 0.174552 2.35015 49.9117 0.969185 51.9124 1.52501 5.23195 0.365732 1.00005 0 0.259816 0 0.0255161 0 1.71299e-05 0 -1.391e-07 0 1.13984e-12 0 4.68528e-16 0 -6.47374e-18 0 
3 -2 0 0.446598 0.446598 21.2354 20.7573 9.32862 113.943 5.13653 131.341 13.9333 43.6905 18.5599 0.172189 2.31999 49.796 0.964232 51.3685 1.49792 5.19717 0.363149 1.00002 0 0.248032 0 0.0267216 0 1.17306e-05 0 -1.33718e-07 0 1.03519e-12 0 4.29193e-16 0 3.77963e-18 0 
3 -2 0 0.440328 0.440328 21.3156 20.9175 9.34481 114.392 5.16182 131.489 13.981 44.0117 18.6718 0.169868 2.28996 49.6797 0.959314 50.8294 1.4711 5.16311 0.360553 1.00002 0 0.235869 0 0.028087 0 1.13131e-05 0 -1.29418e-07 0 9.3911e-13 0 4.03122e-16 0 1.19025e-18 0 
3 -2 0 0.434062 0.434062 21.3956 21.0774 9.36088 114.843 5.1871 131.637 14.0284 44.3335 18.7846 0.167589 2.26008 49.5643 0.954456 50.2916 1.44442 5.1294 0.358 1.00002 0 0.223282 0 0.0296619 0 1.09e-05 0 -1.25289e-07 0 8.51081e-13 0 3.92648e-16 0 3.16747e-18 0 
3 -2 0 0.427798 0.427798 21.4754 21.236 9.37672 115.295 5.2123 131.778 14.076 44.6552 18.8948 0.165348 2.23038 49.4486 0.949655 49.7521 1.41794 5.09599 0.355499 1.00002 0 0.21021 0 0.0315025 0 1.05761e-05 0 -1.21302e-07 0 7.70468e-13 0 3.96498e-16 0 2.91495e-18 0 
3 -2 0 0.421535 0.421535 21.5551 21.3953 9.3926 115.748 5.23756 131.925 14.1228 44.9784 19.0022 0.163147 2.20059 49.3345 0.944915 49.2172 1.39182 5.06295 0.353045 1.00002 0 0.196567 0 0.0336905 0 1.01887e-05 0 -1.17499e-07 0 6.96713e-13 0 3.18844e-16 0 5.55432e-18 0 
3 -2 0 0.415272 0.415272 21.6346 21.5542 9.40837 116.202 5.2628 132.071 14.1694 45.3021 19.107 0.160984 2.17095 49.2212 0.94023 48.6837 1.366 5.03024 0.35063 1.00002 0 0.182222 0 0.0363502 0 9.81361e-06 0 -1.1385e-07 0 6.29103e-13 0 3.36028e-16 0 3.29963e-18 0 
3 -2 0 0.409007 0.409007 21.7139 21.7107 9.42395 116.656 5.28743 132.211 14.2157 45.627 19.2165 0.158853 2.14144 49.1088 0.935606 48.1507 1.34049 4.99832 0.348218 1.00002 0 0.166971 0 0.0396844 0 9.76871e-06 0 -1.10381e-07 0 5.67243e-13 0 3.74419e-16 0 1.8403e-18 0 
3 -2 0 0.40274 0.40274 21.7931 21.869 9.43951 117.113 5.31264 132.356 14.2618 45.9518 19.3204 0.15676 2.1121 48.997 0.930977 47.6201 1.31528 4.96623 0.345878 1.00003 0 0.15043 0 0.0440634 0 1.21359e-05 0 -1.06837e-07 0 5.11007e-13 0 2.79888e-16 0 4.96572e-18 0 
3 -2 0 0.39647 0.39647 21.8722 22.0269 9.45496 117.57 5.33785 132.5 14.3077 46.2772 19.4216 0.154702 2.0829 48.886 0.9264 47.091 1.29037 4.93433 0.343575 1.00003 0 0.131737 0 0.0503502 0 1.17e-05 0 -1.03569e-07 0 4.5928e-13 0 2.82489e-16 0 3.00442e-19 0 
3 -2 0 0.390195 0.390195 21.9511 22.182 9.47025 118.027 5.36315 132.64 14.3534 46.604 19.5268 0.152673 2.05385 48.7758 0.921878 46.5609 1.2655 4.90239 0.341279 1.00002 0 0.107896 0 0.0615345 0 9.62252e-06 0 -1.0023e-07 0 4.11799e-13 0 3.30431e-16 0 3.13295e-18 0 
3 -2 0 0.383915 0.383915 22.0298 22.3393 9.4855 118.489 5.38827 132.783 14.3988 46.9305 19.6274 0.150679 2.02496 48.6662 0.917418 46.0349 1.24093 4.87111 0.339045 1.00003 0 0.0782585 0.0228204 0.0782585 -0.0228204 1.10057e-05 0 -9.74547e-08 0 3.68475e-13 0 2.95545e-16 0 2.62885e-18 0 
3 -2 0 0.377628 0.377628 22.1084 22.4963 9.50064 118.952 5.41337 132.925 14.4439 47.2575 19.7252 0.148716 1.99622 48.5574 0.913007 45.5105 1.21666 4.84011 0.336846 1.00002 0 0.0716695 0.0389438 0.0716695 -0.0389438 9.81084e-06 0 -9.45238e-08 0 4.70071e-17 0 3.29264e-13 0 -2.91239e-17 0 
3 -2 0 0.371333 0.371333 22.1869 22.6501 9.51547 119.419 5.43869 133.063 14.4896 47.5864 19.823 0.146787 1.96763 48.4486 0.908586 44.9875 1.19272 4.80966 0.334653 1.00002 0 0.0649476 0.0494301 0.0649476 -0.0494301 1.02052e-05 0 -9.1755e-08 0 2.92733e-13 0 2.72993e-16 0 1.71344e-18 0 
3 -2 0 0.36503 0.36503 22.2652 22.8065 9.53043 119.884 5.46377 133.205 14.5344 47.9144 19.9226 0.144883 1.9392 48.3411 0.904245 44.4662 1.16906 4.77919 0.332518 1.00002 0 0.0580881 0.0574254 0.0580881 -0.0574254 8.5454e-06 0 -8.90077e-08 0 2.59677e-13 0 2.3583e-16 0 1.50074e-18 0 
3 -2 0 0.358716 0.358716 22.3434 22.9625 9.54529 120.351 5.48883 133.345 14.5789 48.2429 20.0196 0.143006 1.91092 48.2344 0.899952 43.9465 1.1456 4.74899 0.330415 1.00002 0 0.0510866 0.0638195 0.0510866 -0.0638195 7.88075e-06 0 -8.64604e-08 0 2.29331e-13 0 3.07947e-16 0 -2.62323e-18 0 
3 -2 0 0.352392 0.352392 22.4214 23.1238 9.56011 120.819 5.51432 133.482 14.6231 48.5728 20.1144 0.141167 1.88282 48.13 0.895676 43.4284 1.12217 4.71895 0.328312 1.00001 0 0.0439419 0.0690189 0.0439419 -0.0690189 7.60996e-06 0 -8.39704e-08 0 2.01572e-13 0 4.53042e-16 0 -3.98046e-18 0 
3 -2 0 0.346056 0.346056 22.4992 23.2787 9.57471 121.288 5.53938 133.619 14.6673 48.9023 20.2068 0.139325 1.85487 48.0246 0.891458 42.9119 1.09914 4.68937 0.326263 1.00001 0 0.0366499 0.07324 0.0366499 -0.07324 7.27529e-06 0 -8.1661e-08 0 1.76692e-13 0 1.40645e-16 0 -2.04439e-17 0 
3 -2 0 0.339708 0.339708 22.577 23.4333 9.58921 121.758 5.56443 133.755 14.7113 49.2322 20.297 0.137507 1.82707 47.9198 0.887286 42.3971 1.0764 4.66005 0.324244 1.00001 0 0.0292073 0.0766034 0.0292073 -0.0766034 6.97837e-06 0 -7.94494e-08 0 1.5346e-13 0 2.87423e-16 0 2.0496e-18 0 
3 -2 0 0.333345 0.333345 22.6546 23.5845 9.60353 122.228 5.58931 133.9 14.7553 49.5626 20.3893 0.135707 1.79945 47.8143 0.883127 41.8839 1.05401 4.6307 0.322314 1.00002 0 0.0216108 0.0791765 0.0216108 -0.0791765 6.67038e-06 0 -7.78387e-08 0 1.31661e-13 0 4.20762e-16 0 -8.36892e-19 0 
3 -2 0 0.326967 0.326967 22.732 23.7389 9.61793 122.7 5.61437 134.036 14.7988 49.8935 20.482 0.133938 1.77197 47.7109 0.879028 41.3724 1.03177 4.60177 0.320356 1.00002 0 0.0138563 0.0809931 0.0138563 -0.0809931 6.3322e-06 0 -7.57833e-08 0 1.12441e-13 0 4.89565e-16 0 -3.12213e-18 0 
3 -2 0 0.320574 0.320574 22.8094 23.8929 9.63224 123.174 5.63941 134.171 14.842 50.2248 20.5719 0.132192 1.74465 47.6081 0.874971 40.8627 1.00957 4.57309 0.318415 1.00001 0 0.0059406 0.0820599 0.0059406 -0.0820599 5.48852e-06 0 -7.37593e-08 0 9.51348e-14 0 3.78951e-16 0 -2.20273e-18 0 
3 -2 0 0.314164 0.314164 22.8866 24.0442 9.64584 123.648 5.66379 134.306 14.8852 50.5565 20.6599 0.130466 1.71749 47.5082 0.870932 40.355 0.98764 4.54488 0.316466 1.00002 0 -0.0021404 0.0823556 -0.0021404 -0.0823556 5.29735e-06 0 -7.15888e-08 0 7.91228e-14 0 5.15662e-16 0 1.37506e-18 0 
3 -2 0 0.307736 0.307736 22.9636 24.1969 9.65982 124.124 5.68877 134.441 14.9282 50.8888 20.7456 0.128764 1.69033 47.4066 0.866951 39.8488 0.965994 4.51658 0.314591 1.00002 0 -0.01039 0.0818421 -0.01039 -0.0818421 5.00961e-06 0 -6.97769e-08 0 6.46209e-14 0 5.81937e-16 0 -9.12264e-20 0 
3 -2 0 0.301289 0.301289 23.0406 24.3491 9.67379 124.602 5.71373 134.576 14.9709 51.2214 20.8283 0.127081 1.66321 47.3057 0.863011 39.3444 0.94462 4.48851 0.312742 1.00002 0 -0.0188125 0.0804505 -0.0188125 -0.0804505 4.75389e-06 0 -6.80436e-08 0 5.19077e-14 0 2.23125e-16 0 -1.71401e-17 0 
3 -2 0 0.294822 0.294822 23.1174 24.5049 9.68818 125.079 5.73919 134.708 15.0129 51.5544 20.9169 0.125418 1.63625 47.2036 0.859089 38.8415 0.923538 4.46097 0.310902 1.00001 0 -0.0274119 0.0780764 -0.0274119 -0.0780764 4.51711e-06 0 -6.62327e-08 0 3.96787e-14 0 5.63693e-16 0 -6.92744e-19 0 
3 -2 0 0.288334 0.288334 23.1941 24.6567 9.70193 125.559 5.76416 134.842 15.0553 51.8879 21.0011 0.123775 1.60946 47.1039 0.855182 38.3407 0.902714 4.43327 0.309102 1.00001 0 -0.0361925 0.0745634 -0.0361925 -0.0745634 4.26899e-06 0 -6.46491e-08 0 2.92218e-14 0 2.57009e-16 0 -1.81628e-17 0 
3 -2 0 0.281825 0.281825 23.2706 24.8081 9.71559 126.043 5.78911 134.975 15.0975 52.2218 21.0824 0.12215 1.58283 47.0047 0.851315 37.8417 0.881977 4.40578 0.307326 1.00001 0 -0.0451585 0.0696681 -0.0451585 -0.0696681 4.03399e-06 0 -6.31341e-08 0 1.84751e-14 0 1.23171e-15 0 -3.6359e-18 0 
3 -2 0 0.275292 0.275292 23.3471 24.9626 9.72963 126.529 5.8146 135.104 15.1388 52.5559 21.1613 0.120545 1.55636 46.9056 0.847484 37.344 0.86135 4.37877 0.305563 1.00001 0 -0.0543142 0.0629867 -0.0543142 -0.0629867 3.88015e-06 0 -6.17733e-08 0 8.99785e-15 0 1.84588e-15 0 3.20867e-18 0 
3 -2 0 0.268736 0.268736 23.4234 25.1137 9.74317 127.015 5.83957 135.237 15.1807 52.8906 21.2446 0.118955 1.53007 46.8076 0.843695 36.8487 0.841021 4.35163 0.303831 1.00001 0 -0.0636644 0.0537564 -0.0636644 -0.0537564 3.65405e-06 0 -6.03833e-08 0 1.44255e-15 3.58432e-15 1.44255e-15 -3.58432e-15 1.26814e-18 0 
3 -2 0 0.262154 0.262154 23.4996 25.2644 9.75661 127.502 5.86454 135.369 15.2224 53.2258 21.3251 0.117382 1.50394 46.7102 0.839944 36.3553 0.820957 4.32469 0.302123 1.00001 0 -0.0732135 0.0401168 -0.0732135 -0.0401168 3.44188e-06 0 -5.90555e-08 0 -2.15007e-15 1.13017e-15 -2.15007e-15 -1.13017e-15 -1.32074e-17 0 
3 -2 0 0.255547 0.255547 23.5757 25.4155 9.77019 127.992 5.88951 135.499 15.2632 53.5605 21.3997 0.115835 1.47798 46.6134 0.836261 35.8634 0.801195 4.29831 0.300436 1.00001 0 -0.0829661 0.0106575 -0.0829661 -0.0106575 4.11194e-06 0 -5.7893e-08 0 -1.06309e-14 0 -9.43165e-17 0 -1.36933e-17 0 
3 -2 0 0.248913 0.248913 23.6517 25.5657 9.7835 128.482 5.91448 135.63 15.3046 53.8964 21.4782 0.114294 1.4522 46.517 0.832591 35.3738 0.781679 4.27168 0.298772 1.00001 0 -0.133047 0 -0.0528088 0 3.73697e-06 0 -5.64061e-08 0 -1.60057e-14 0 -3.73607e-16 0 -9.17159e-18 0 
3 -2 0 0.242251 0.242251 23.7276 25.7156 9.79671 128.973 5.93944 135.761 15.3458 54.2327 21.5566 0.112767 1.42659 46.4213 0.828928 34.8862 0.762209 4.24522 0.29713 1.00001 0 -0.162887 0 -0.0433189 0 3.60266e-06 0 -5.55125e-08 0 -2.17002e-14 0 -6.44961e-17 0 -1.54079e-17 0 
3 -2 0 0.23556 0.23556 23.8033 25.8655 9.80996 129.466 5.9644 135.89 15.3865 54.5678 21.6318 0.111248 1.40115 46.3261 0.825276 34.3979 0.742867 4.21888 0.295508 1.00001 0 -0.189616 0 -0.0373789 0 3.07159e-06 0 -5.41422e-08 0 -2.61838e-14 0 -7.5881e-17 0 -1.49267e-17 0 
3 -2 0 0.228839 0.228839 23.879 26.0148 9.82302 129.96 5.98937 136.02 15.4273 54.9048 21.7038 0.109731 1.37589 46.2314 0.821672 33.914 0.723841 4.19278 0.293907 1.00001 0 -0.215136 0 -0.0330961 0 2.89233e-06 0 -5.31143e-08 0 -3.02835e-14 0 -1.21023e-16 0 -1.63888e-17 0 
3 -2 0 0.222087 0.222087 23.9545 26.1638 9.83601 130.455 6.01433 136.149 15.468 55.2422 21.7759 0.108228 1.3508 46.1372 0.818102 33.4322 0.705075 4.16686 0.292327 1.00001 0 -0.240138 0 -0.0297909 0 2.72412e-06 0 -5.22473e-08 0 -3.399e-14 0 -1.25827e-16 0 -3.14402e-18 0 
3 -2 0 0.215303 0.215303 24.03 26.3134 9.84904 130.951 6.03917 136.276 15.5082 55.5776 21.8522 0.106734 1.3259 46.0437 0.814569 32.9549 0.686631 4.14109 0.290762 1.00001 0 -0.264965 0 -0.0271313 0 2.67268e-06 0 -5.12945e-08 0 -3.71362e-14 0 -2.31904e-16 0 3.57392e-19 0 
3 -2 0 0.208486 0.208486 24.1053 26.462 9.86188 131.449 6.06415 136.404 15.5486 55.9157 21.9231 0.105255 1.30117 45.9505 0.811074 32.4774 0.668269 4.11551 0.28922 1.00001 0 -0.289816 0 -0.02493 0 2.47921e-06 0 -5.04162e-08 0 -4.02174e-14 0 -9.79141e-18 0 -6.7085e-18 0 
3 -2 0 0.201634 0.201634 24.1806 26.6103 9.87464 131.948 6.08914 136.531 15.5888 56.254 21.991 0.103788 1.27663 45.8578 0.80761 32.0021 0.649985 4.09008 0.287697 1.00001 0 -0.31482 0 -0.0230693 0 2.30168e-06 0 -4.9586e-08 0 -4.27141e-14 0 -4.60883e-17 0 -8.6484e-18 0 
3 -2 0 0.194748 0.194748 24.2558 26.7585 9.88748 132.445 6.11405 136.658 15.6284 56.595 22.0618 0.102335 1.25226 45.766 0.804196 31.529 0.631954 4.06473 0.286191 1.00001 0 -0.34007 0 -0.0214711 0 2.0187e-06 0 -4.8894e-08 0 -4.4814e-14 0 -4.77906e-17 0 -1.06071e-17 0 
3 -2 0 0.187825 0.187825 24.3308 26.9063 9.9001 132.946 6.13905 136.785 15.6683 56.9342 22.1318 0.100888 1.22773 45.6743 0.800764 31.0557 0.614229 4.03958 0.284704 1.00001 0 -0.36563 0 -0.0200799 0 2.01787e-06 0 -4.80281e-08 0 -4.65923e-14 0 -1.80756e-16 0 5.86528e-19 0 
3 -2 0 0.180865 0.180865 24.4058 27.0539 9.91265 133.449 6.16405 136.911 15.708 57.2738 22.1989 0.0994508 1.20339 45.5831 0.797363 30.5845 0.596761 4.01457 0.283236 1.00001 0 -0.391556 0 -0.0188567 0 1.86331e-06 0 -4.73359e-08 0 -4.83609e-14 0 -2.72542e-17 0 -1.4011e-17 0 
3 -2 0 0.173866 0.173866 24.4807 27.192 9.92533 133.959 6.1889 137.023 15.7482 57.6175 22.2623 0.098025 1.17923 45.492 0.793983 30.1112 0.57951 3.98937 0.281828 1 0 -0.417888 0 -0.0177714 0 1.76318e-06 0 -4.66381e-08 0 -4.97243e-14 0 -7.83211e-17 0 7.00835e-19 0 
3 -2 0 0.166827 0.166827 24.5556 27.3397 9.93786 134.467 6.21387 137.15 15.7875 57.9576 22.3308 0.0966056 1.15527 45.4017 0.790648 29.6449 0.562216 3.96444 0.280386 1 0 -0.444665 0 -0.0168013 0 1.69487e-06 0 -4.60314e-08 0 -5.08769e-14 0 -5.32087e-18 0 -7.76037e-18 0 
3 -2 0 0.159748 0.159748 24.6303 27.4871 9.95031 134.976 6.23885 137.276 15.8266 58.2981 22.3965 0.0951947 1.1315 45.3119 0.787343 29.1809 0.545181 3.93965 0.278962 1 0 -0.471918 0 -0.0159284 0 1.50438e-06 0 -4.54726e-08 0 -5.16701e-14 0 -5.34017e-17 0 -1.23777e-17 0 
3 -2 0 0.152628 0.152628 24.705 27.6401 9.96274 135.488 6.2636 137.409 15.8651 58.6393 22.4566 0.0937913 1.10793 45.2229 0.784076 28.7194 0.528436 3.91517 0.277533 1 0 -0.499676 0 -0.0151384 0 1.59793e-06 0 -4.42315e-08 0 -5.24208e-14 0 -2.27074e-17 0 -6.13958e-18 0 
3 -2 0 0.145464 0.145464 24.7796 27.7867 9.97501 136 6.28865 137.534 15.9038 58.9803 22.5193 0.0923964 1.08456 45.134 0.780834 28.2604 0.511968 3.89042 0.276144 1 0 -0.527964 0 -0.0144203 0 1.30152e-06 0 -4.37492e-08 0 -5.29737e-14 0 -9.06665e-18 0 -9.09554e-18 0 
3 -2 0 0.138256 0.138256 24.8541 27.9332 9.98721 136.513 6.31371 137.658 15.9424 59.3216 22.5845 0.0910089 1.06138 45.0455 0.77762 27.8037 0.495755 3.86578 0.274772 1 0 -0.556808 0 -0.0137642 0 1.18987e-06 0 -4.3296e-08 0 -5.33794e-14 0 5.02482e-18 0 -3.08111e-18 0 
3 -2 0 0.131003 0.131003 24.9286 28.0803 9.99916 137.027 6.33916 137.78 15.981 59.6627 22.6467 0.0896309 1.0384 44.9592 0.774428 27.3493 0.479588 3.84172 0.273423 1 0 -0.586232 0 -0.0131623 0 1.30394e-06 0 -4.32957e-08 0 -5.35865e-14 0 1.31577e-17 0 -1.02089e-17 0 
3 -2 0 0.123703 0.123703 25.003 28.226 10.0112 137.543 6.36421 137.902 16.0196 60.0046 22.7056 0.0882578 1.01562 44.8716 0.771242 26.8974 0.463608 3.81719 0.272086 1 0 -0.616257 0 -0.0126085 0 1.24416e-06 0 -4.25197e-08 0 -5.37467e-14 0 -6.11382e-18 0 -1.2896e-17 0 
3 -2 0 0.116355 0.116355 25.0773 28.3714 10.0232 138.061 6.38927 138.024 16.0581 60.3467 22.7615 0.0868909 0.993051 44.7844 0.768085 26.448 0.447701 3.79265 0.270764 1 0 -0.646905 0 -0.0120972 0 1.13343e-06 0 -4.21992e-08 0 -5.3706e-14 0 -1.79704e-17 0 -6.06679e-18 0 
3 -2 0 0.108959 0.108959 25.1516 28.5166 10.0355 138.58 6.4142 138.15 16.096 60.6892 22.8222 0.0855386 0.970666 44.6958 0.764964 25.9994 0.432053 3.76835 0.26944 1 0 -0.678199 0 -0.0116236 0 1.06666e-06 0 -4.19013e-08 0 -5.35887e-14 0 1.89271e-18 0 -9.86802e-18 0 
3 -2 0 0.101513 0.101513 25.2258 28.6618 10.0474 139.101 6.43933 138.271 16.134 61.0319 22.8826 0.0841836 0.948513 44.6094 0.761859 25.5548 0.416665 3.74393 0.268144 1 0 -0.71016 0 -0.0111839 0 1.00648e-06 0 -4.16555e-08 0 -5.33246e-14 0 -4.11612e-18 0 -1.12632e-17 0 
3 -2 0 0.0940153 0.0940153 25.3 28.8069 10.0592 139.624 6.46448 138.392 16.1718 61.3748 22.9401 0.0828337 0.926575 44.5234 0.75878 25.1128 0.401533 3.71959 0.266863 1 0 -0.742808 0 -0.0107747 0 9.85081e-07 0 -4.22329e-08 0 -5.26111e-14 0 -9.49972e-18 0 -9.58228e-18 0 
3 -2 0 0.086465 0.086465 25.3741 28.9424 10.0708 140.146 6.48882 138.513 16.2111 61.7185 22.9905 0.0814931 0.904852 44.4379 0.755732 24.6718 0.38673 3.69574 0.265616 1 0 -0.776165 0 -0.0103928 0 1.03272e-06 0 -4.11816e-08 0 -5.24679e-14 0 3.40285e-18 0 -5.33257e-18 0 
3 -2 0 0.078861 0.078861 25.4482 29.0876 10.0826 140.672 6.51394 138.635 16.2489 62.062 23.0499 0.0801526 0.883353 44.3526 0.752713 24.2348 0.371995 3.67138 0.264356 1 0 -0.810253 0 -0.0100359 0 1.03036e-06 0 -4.10553e-08 0 -5.2084e-14 0 -1.49045e-17 0 -8.74441e-18 0 
3 -2 0 0.0712017 0.0712017 25.5223 29.2327 10.0944 141.198 6.53908 138.757 16.2866 62.4056 23.1063 0.0788164 0.861739 44.2677 0.749719 23.8006 0.357252 3.64699 0.263109 1 0 -0.845092 0 -0.00970162 0 9.87469e-07 0 -4.09302e-08 0 -5.13443e-14 0 -1.25591e-17 0 -9.77773e-18 0 
3 -2 0 0.0634861 0.0634861 25.5963 29.3847 10.1062 141.73 6.56528 138.876 16.3239 62.7489 23.1569 0.0774749 0.840225 44.1823 0.746729 23.3643 0.342786 3.62277 0.261863 1 0 -0.880705 0 -0.00938801 0 9.81986e-07 0 -4.17495e-08 0 -5.04461e-14 0 -1.14931e-18 0 -8.71354e-18 0 
3 -2 0 0.0557126 0.0557126 25.6703 29.529 10.1179 142.26 6.59053 138.995 16.3613 63.093 23.2127 0.0761463 0.818994 44.0981 0.74377 22.9322 0.328552 3.5987 0.260646 1 0 -0.917112 0 -0.00909322 0 1.07778e-06 0 -4.17087e-08 0 -4.97244e-14 0 -5.53565e-19 0 -6.78322e-18 0 
3 -2 0 0.0478801 0.0478801 25.7443 29.6731 10.1294 142.792 6.61581 139.114 16.3985 63.4374 23.2654 0.0748213 0.797998 44.0143 0.740837 22.5029 0.314578 3.57438 0.259443 1 0 -0.954337 0 -0.00881579 0 1.18804e-06 0 -4.08902e-08 0 -4.92408e-14 0 8.58562e-18 0 -6.7994e-18 0 
3 -2 0 0.0399872 0.0399872 25.8183 29.8172 10.1409 143.327 6.6412 139.23 16.4362 63.7792 23.3168 0.0734744 0.777187 43.9313 0.737927 22.0783 0.30084 3.55012 0.25825 1.00001 0 -0.992401 0 -0.00855437 0 1.19286e-06 0 -4.10328e-08 0 -4.83586e-14 0 5.1999e-19 0 -6.51208e-18 0 
4 -2 0 0.0383896 0.0383896 25.8332 29.8462 10.1432 143.435 6.6463 139.254 16.4437 63.8486 23.3268 0.0732085 0.773047 43.9145 0.737344 21.9931 0.298106 3.54516 0.258012 1 0 -1 0 -0.00850563 0 -4.85409e-08 0 -3.66443e-10 0 -4.82761e-14 0 8.35222e-18 0 -3.81219e-18 0 
4 -2 0 0.0304223 0.0304223 25.9071 29.9899 10.1547 143.971 6.67164 139.372 16.4808 64.1934 23.3747 0.071891 0.752646 43.8314 0.734463 21.5722 0.284664 3.52056 0.256835 1 0 -1.03919 0 -0.00826068 0 6.43282e-07 0 -4.1347e-08 0 -4.74049e-14 0 -1.35173e-17 0 -1.92058e-18 0 
4 -2 0 0.0223914 0.0223914 25.9811 30.1281 10.1651 144.508 6.69608 139.503 16.5173 64.5361 23.4213 0.0705845 0.732575 43.7485 0.731604 21.1548 0.271134 3.49604 0.255674 1 0 -1.07926 0 -0.00802916 0 1.46508e-06 0 -4.17109e-08 0 -4.65417e-14 0 1.61202e-19 0 -8.29206e-18 0 
4 -2 0 0.0142957 0.0142957 26.055 30.2721 10.1765 145.048 6.72151 139.622 16.5545 64.8813 23.4748 0.0692744 0.712697 43.6661 0.728769 20.74 0.257871 3.47166 0.254514 1.00001 0 -1.12017 0 -0.0078111 0 1.75391e-06 0 -4.19135e-08 0 -4.56492e-14 0 -5.81171e-18 0 -6.07466e-18 0 
4 -2 0 0.00613378 0.00613378 26.129 30.416 10.1879 145.589 6.74698 139.74 16.5916 65.2267 23.5252 0.067968 0.693071 43.584 0.725958 20.3237 0.244874 3.44699 0.253366 1.00001 0 -1.16201 0 -0.00760487 0 1.63446e-06 0 -4.17791e-08 0 -4.46581e-14 0 -1.07765e-17 0 -2.40239e-18 0 
4 -2 0 -0.00209586 -0.00209586 26.2029 30.5636 10.1999 146.131 6.77289 139.85 16.6286 65.5705 23.5655 0.0666782 0.673304 43.5029 0.723168 19.9139 0.232144 3.42214 0.25224 1.00001 0 -1.2048 0 -0.00740916 0 2.01723e-06 0 -4.25136e-08 0 -4.37125e-14 0 -7.89428e-18 0 -2.07715e-17 0 
4 -3 0 0.0383896 0.0383896 51.6664 29.8462 10.1432 143.435 6.6463 139.254 16.4437 63.8486 23.3268 0.0732085 0.773047 43.9145 0.737344 21.9931 0.298106 3.54516 0.258012 1.00001 0 -1.2048 0 -0.00740916 0 2.01723e-06 0 -4.25136e-08 0 -4.37125e-14 0 -7.89428e-18 0 -2.07715e-17 0 
4 -3 0 0.0383898 0.0383898 51.6664 29.8497 10.1435 143.448 6.64698 139.26 16.4445 63.8577 23.3324 0.0731841 0.772527 43.9123 0.737337 21.9824 0.297886 3.54477 0.257983 1 0 1 0 7.23462e-05 0 1.10992e-09 0 -1.38705e-17 0 8.31547e-16 0 3.69185e-16 0 8.1071e-19 0 
3 -3 0 0.0383898 0.0383898 51.6664 29.852 10.1437 143.457 6.64741 139.264 16.4451 63.8634 23.3359 0.0731685 0.772194 43.9108 0.737332 21.9756 0.297745 3.54453 0.257964 1 0 0.999999 0 7.23459e-05 0 -8.33131e-11 0 1.07229e-17 0 1.47928e-15 0 -9.36557e-17 0 -3.46734e-18 0 
3 -3 0 0.0383892 0.0383892 51.6664 29.8586 10.144 143.512 6.64896 139.301 16.4481 63.8992 23.3581 0.0730772 0.770146 43.9025 0.737302 21.9338 0.296874 3.54283 0.257861 1 0 0.99998 0 7.23535e-05 0 1.20864e-08 0 3.18705e-18 0 1.57609e-15 0 -6.3284e-17 0 9.96666e-19 0 
3 -3 0 0.0383859 0.0383859 51.6664 29.8883 10.1467 143.621 6.6543 139.353 16.4555 63.9716 23.402 0.0728819 0.766001 43.8859 0.737246 21.8486 0.295117 3.54004 0.25762 1 0 0.999883 0 7.2471e-05 0 2.08871e-07 0 2.00375e-18 0 1.37105e-15 0 5.99347e-17 0 3.41116e-18 0 
3 -3 0 0.0383715 0.0383715 51.6663 29.9473 10.1519 143.839 6.66508 139.456 16.47 64.1163 23.4891 0.0724909 0.757754 43.851 0.737147 21.6789 0.291624 3.53468 0.257142 0.999999 0 0.999475 0 7.34312e-05 0 1.60592e-06 0 -5.67021e-18 0 1.4097e-15 0 -5.95335e-17 0 1.86691e-17 0 
3 -3 0 0.0383275 0.0383275 51.6662 30.0375 10.1595 144.177 6.6822 139.616 16.492 64.3448 23.6213 0.0719175 0.745238 43.7962 0.736982 21.4069 0.285997 3.52571 0.25641 0.999993 0 0.998326 0 7.79005e-05 0 6.64889e-06 0 8.87047e-18 0 1.08114e-15 0 -4.38427e-17 0 9.07023e-18 0 
3 -3 0 0.0382574 0.0382574 51.6659 30.1282 10.1672 144.518 6.69889 139.772 16.513 64.5699 23.7598 0.0713067 0.73229 43.7412 0.736791 21.139 0.280525 3.5167 0.25568 0.999986 0 0.996862 0 8.11251e-05 0 9.90806e-06 0 6.59554e-18 0 7.90924e-16 0 2.52135e-16 0 1.46257e-18 0 
3 -3 0 0.038161 0.038161 51.6656 30.2177 10.1745 144.859 6.71588 139.931 16.5355 64.7946 23.9003 0.0706946 0.719484 43.6891 0.736605 20.8735 0.275121 3.50805 0.254963 0.999981 0 0.995001 0 8.17834e-05 0 1.07929e-05 0 2.01803e-18 0 1.22692e-15 0 -3.39817e-17 0 -1.36761e-17 0 
3 -3 0 0.0380386 0.0380386 51.6652 30.3063 10.1821 145.201 6.73338 140.095 16.5569 65.0188 24.0378 0.0700668 0.706857 43.6337 0.736491 20.6116 0.269795 3.49925 0.254246 0.999976 0 0.992709 0 8.35685e-05 0 9.94516e-06 0 4.58137e-18 0 1.03821e-15 0 3.61091e-17 0 1.24829e-18 0 
3 -3 0 0.0378901 0.0378901 51.6647 30.3944 10.1894 145.543 6.75042 140.264 16.5789 65.243 24.1753 0.0694513 0.694322 43.5814 0.736299 20.349 0.264507 3.4906 0.253539 0.999969 0 0.989827 0 8.47328e-05 0 1.07262e-05 0 -2.1426e-18 0 8.59319e-16 0 1.91293e-16 0 2.36458e-18 0 
3 -3 0 0.0377153 0.0377153 51.6641 30.4814 10.1963 145.884 6.76744 140.429 16.6009 65.4667 24.3104 0.0688347 0.681932 43.5278 0.736136 20.0889 0.259286 3.48201 0.252844 0.999962 0 0.986434 0 8.57579e-05 0 1.12857e-05 0 1.1214e-17 0 1.35735e-15 0 -1.05562e-16 0 -2.03226e-17 0 
3 -3 0 0.0375144 0.0375144 51.6635 30.564 10.2043 146.22 6.78399 140.582 16.622 65.6894 24.4498 0.068144 0.669856 43.4739 0.736033 19.8386 0.254297 3.47329 0.252144 0.999955 0 0.982501 0 8.64499e-05 0 1.15315e-05 0 -1.35756e-17 0 9.55847e-16 0 3.23812e-16 0 -3.44044e-19 0 
3 -3 0 0.0372874 0.0372874 51.6627 30.6551 10.2116 146.565 6.80067 140.739 16.6434 65.9123 24.5873 0.0675135 0.657843 43.4213 0.735869 19.5781 0.249165 3.46485 0.25144 0.999982 0 0.977961 0 8.33151e-05 0 1.1445e-05 0 -6.36545e-18 0 1.31882e-15 0 1.66026e-16 0 -1.89355e-18 0 
3 -3 0 0.037034 0.037034 51.6619 30.745 10.2185 146.91 6.81733 140.908 16.6655 66.1348 24.7222 0.0668817 0.645971 43.3701 0.73572 19.3201 0.244028 3.45624 0.250747 0.999957 0 0.973125 0 8.30789e-05 0 1.053e-05 0 1.20092e-18 0 1.59064e-15 0 -3.41092e-16 0 3.83484e-18 0 
3 -3 0 0.0367544 0.0367544 51.661 30.8248 10.2262 147.263 6.83525 141.062 16.6857 66.3537 24.8591 0.0663013 0.633597 43.3154 0.735642 19.0692 0.238946 3.44801 0.250067 0.99993 0 0.96773 0 8.93065e-05 0 1.21906e-05 0 -6.82728e-18 0 1.03823e-15 0 1.4363e-16 0 -1.85115e-17 0 
3 -3 0 0.0364486 0.0364486 51.66 30.9161 10.2331 147.607 6.85213 141.228 16.7082 66.5765 24.993 0.0656598 0.621841 43.2648 0.735487 18.8198 0.234023 3.43919 0.24938 0.999949 0 0.961761 0 8.42821e-05 0 1.05937e-05 0 6.6557e-18 0 1.60285e-15 0 -3.33578e-16 0 -6.21908e-18 0 
3 -3 0 0.0361164 0.0361164 51.6589 31.0064 10.2402 147.951 6.86897 141.394 16.7293 66.7989 25.1351 0.0650172 0.61023 43.2111 0.73536 18.5654 0.229167 3.43118 0.248705 0.999943 0 0.955319 0 8.4727e-05 0 1.03735e-05 0 4.8966e-19 0 1.09576e-15 0 -5.72462e-17 0 4.49797e-17 0 
3 -3 0 0.0357578 0.0357578 51.6577 31.0958 10.2474 148.295 6.88578 141.558 16.7508 67.0133 25.2746 0.0644069 0.598524 43.161 0.735264 18.3194 0.224224 3.42237 0.24804 0.999964 0 0.948315 0 8.50046e-05 0 1.01582e-05 0 -5.23245e-19 0 1.52195e-15 0 -1.42169e-17 0 3.39602e-17 0 
3 -3 0 0.0353729 0.0353729 51.6565 31.1837 10.2551 148.641 6.90256 141.719 16.7712 67.2339 25.4119 0.063759 0.587132 43.1065 0.735152 18.0681 0.219465 3.41436 0.247386 0.999875 0 0.940931 0 9.45136e-05 0 1.32974e-05 0 1.25456e-15 0 1.48465e-17 0 -6.66966e-17 0 1.48431e-18 0 
3 -3 0 0.0349615 0.0349615 51.6551 31.2705 10.2624 148.986 6.91932 141.876 16.7924 67.4553 25.5467 0.0631101 0.575886 43.0548 0.735081 17.8195 0.214768 3.40565 0.246743 0.999861 0 0.932953 0 9.57779e-05 0 1.33628e-05 0 2.41827e-18 0 1.07313e-15 0 5.97411e-17 0 -1.06123e-16 0 
3 -3 0 0.0345236 0.0345236 51.6537 31.3519 10.2686 149.319 6.93579 142.038 16.814 67.6879 25.6858 0.0624331 0.564277 43.0048 0.73497 17.5785 0.209896 3.39738 0.24604 0.999861 0 0.924488 0 9.26168e-05 0 1.33776e-05 0 -3.48103e-20 0 1.18262e-15 0 -1.20286e-16 0 1.33972e-18 0 
3 -3 0 0.0340592 0.0340592 51.6523 31.4416 10.2764 149.663 6.95273 142.2 16.8345 67.9085 25.8247 0.0617952 0.553149 42.9513 0.734899 17.3368 0.205266 3.38928 0.24539 0.999916 0 0.915467 0 8.87454e-05 0 9.86941e-06 0 -4.53431e-18 0 7.65555e-16 0 1.7935e-16 0 -1.30722e-17 0 
3 -3 0 0.0335682 0.0335682 51.6507 31.5304 10.2838 150.007 6.96965 142.359 16.8549 68.1288 25.9612 0.061157 0.542169 42.9002 0.73487 17.0921 0.200702 3.3808 0.244751 0.999909 0 0.905976 0 8.93158e-05 0 9.94202e-06 0 3.10513e-18 0 1.6603e-15 0 -4.59932e-17 0 -1.1233e-18 0 
3 -3 0 0.0330505 0.0330505 51.6491 31.6113 10.2901 150.368 6.98662 142.52 16.8768 68.3433 26.0971 0.0604928 0.53112 42.8506 0.734765 16.8553 0.196082 3.37265 0.244087 0.999922 0 0.896022 0 8.94932e-05 0 8.27742e-06 0 -1.15076e-18 0 1.13863e-15 0 -2.07545e-16 0 2.92709e-18 0 
3 -3 0 0.0325062 0.0325062 51.6474 31.701 10.2978 150.714 7.00336 142.679 16.897 68.5635 26.2298 0.0598472 0.520311 42.7975 0.734734 16.6139 0.191597 3.36449 0.243448 0.999899 0 0.885589 0 9.25564e-05 0 9.86699e-06 0 1.77198e-18 0 6.57133e-16 0 9.51307e-17 0 4.34774e-17 0 
3 -3 0 0.0319351 0.0319351 51.6457 31.7897 10.3051 151.06 7.02008 142.836 16.9175 68.7834 26.3711 0.0592016 0.509653 42.7468 0.734641 16.3752 0.187179 3.3562 0.24282 0.999913 0 0.874491 0 9.10778e-05 0 7.31512e-06 0 -4.51596e-18 0 5.60664e-16 0 1.57021e-16 0 -4.36001e-18 0 
3 -3 0 0.0313373 0.0313373 51.6439 31.8723 10.3119 151.41 7.03711 142.996 16.9384 68.9983 26.5112 0.0585557 0.498981 42.696 0.734642 16.1402 0.182739 3.34835 0.242183 0.999906 0 0.862927 0 9.21214e-05 0 6.93358e-06 0 1.39661e-17 0 3.87999e-16 0 2.71902e-16 0 3.31429e-18 0 
3 -3 0 0.0307125 0.0307125 51.642 31.955 10.3183 151.758 7.05393 143.158 16.9598 69.2167 26.6491 0.0579031 0.488507 42.6464 0.73456 15.9061 0.178406 3.33984 0.241541 0.999891 0 0.851002 0 9.44249e-05 0 7.61414e-06 0 1.42921e-17 0 4.30585e-17 0 4.36235e-16 0 -1.98393e-18 0 
3 -3 0 0.0300608 0.0300608 51.64 32.04 10.3255 152.107 7.07075 143.317 16.9798 69.4349 26.7846 0.0572508 0.478185 42.5942 0.734522 15.6748 0.17414 3.332 0.24091 0.999896 0 0.838359 0 9.42405e-05 0 5.92164e-06 0 -9.10731e-19 0 5.28503e-16 0 -4.4818e-17 0 -2.90683e-17 0 
3 -3 0 0.0293821 0.0293821 51.638 32.1261 10.3323 152.453 7.08656 143.476 17.0008 69.6567 26.9168 0.0566068 0.468202 42.5453 0.7345 15.4511 0.170003 3.32361 0.240286 0.999888 0 0.825319 0 9.57913e-05 0 5.57808e-06 0 5.67702e-18 0 -2.89129e-16 0 4.23777e-16 0 -2.02191e-18 0 
3 -3 0 0.0286764 0.0286764 51.636 32.2162 10.3395 152.801 7.10356 143.63 17.0214 69.8754 27.0569 0.0559602 0.457958 42.4938 0.734488 15.2193 0.165754 3.31575 0.23967 0.999882 0 0.811773 0 9.70803e-05 0 5.01942e-06 0 2.93674e-19 0 -2.40614e-16 0 1.50103e-16 0 -8.9789e-18 0 
3 -3 0 0.0279435 0.0279435 51.6338 32.3053 10.3469 153.149 7.12054 143.782 17.0409 70.0939 27.1972 0.0553144 0.447819 42.4433 0.734519 14.9905 0.161574 3.30749 0.239063 0.999877 0 0.797722 0 9.84454e-05 0 4.40935e-06 0 3.8241e-18 0 -6.53946e-16 0 1.89447e-16 0 4.14525e-17 0 
3 -3 0 0.0271833 0.0271833 51.6317 32.3944 10.3536 153.49 7.13796 143.953 17.0612 70.3165 27.3318 0.0546684 0.437804 42.3931 0.7345 14.7672 0.157455 3.29938 0.238471 0.999877 0 0.78321 0 9.99786e-05 0 3.84249e-06 0 6.12081e-18 0 -7.77975e-16 0 -2.25642e-16 0 9.51817e-17 0 
3 -3 0 0.0263959 0.0263959 51.6294 32.4793 10.3599 153.838 7.15473 144.113 17.0828 70.5343 27.4644 0.0540055 0.428056 42.3452 0.734509 14.5471 0.153439 3.29164 0.237843 0.999873 0 0.768154 0 0.000101596 0 3.19233e-06 0 5.90814e-18 0 -5.5327e-16 0 -9.2057e-16 0 -9.12351e-19 0 
3 -3 0 0.0255811 0.0255811 51.6272 32.5631 10.3673 154.187 7.17149 144.27 17.103 70.7519 27.6061 0.0533438 0.418462 42.2933 0.734499 14.3228 0.14949 3.28332 0.237224 0.999869 0 0.752597 0 0.000103368 0 2.53423e-06 0 -2.37113e-15 0 -1.10489e-19 0 -1.11081e-16 0 -2.57821e-17 0 
3 -3 0 0.0247389 0.0247389 51.6249 32.6518 10.3744 154.546 7.18846 144.431 17.1228 70.9661 27.7442 0.0526958 0.408878 42.2437 0.734522 14.1065 0.145561 3.2753 0.236642 0.999845 0 0.736386 0 0.000106389 0 2.72059e-06 0 -1.83483e-18 0 -9.71889e-16 0 -7.72043e-18 0 3.04851e-16 0 
3 -3 0 0.0238691 0.0238691 51.6225 32.736 10.3806 154.896 7.20526 144.588 17.1439 71.1835 27.8827 0.0520335 0.399544 42.1954 0.734574 13.8857 0.141729 3.26742 0.236027 0.999827 0 0.719895 0 0.000108424 0 1.90167e-06 0 -2.09981e-15 0 -1.38913e-18 0 -1.87235e-17 0 -4.04491e-17 0 
3 -3 0 0.0229717 0.0229717 51.6201 32.8193 10.3878 155.247 7.22205 144.742 17.1636 71.4007 28.019 0.0513728 0.390326 42.1441 0.734637 13.6668 0.137888 3.25936 0.235421 0.999836 0 0.702805 0 0.000108523 0 3.32361e-07 0 -2.28131e-14 0 3.20222e-18 0 -1.84573e-17 0 -5.89927e-18 0 
3 -3 0 0.0220466 0.0220466 51.6177 32.9084 10.3951 155.589 7.23885 144.906 17.1832 71.6201 28.1517 0.0507566 0.380894 42.0947 0.734657 13.4526 0.13407 3.25128 0.23486 0.999873 0 0.685368 0 0.000112154 0 -6.14775e-19 0 2.92246e-07 0 -2.65914e-14 0 8.23813e-18 0 4.18628e-17 0 
3 -3 0 0.0210937 0.0210937 51.6153 32.9952 10.4018 155.943 7.25581 145.065 17.2043 71.8369 28.2864 0.0500919 0.371901 42.0467 0.734747 13.2382 0.130389 3.24351 0.234283 0.999869 0 0.66734 0 0.00011492 0 -4.42004e-07 0 2.28186e-14 0 1.26851e-19 0 3.06597e-18 0 -7.59744e-18 0 
3 -3 0 0.0201129 0.0201129 51.6128 33.081 10.4082 156.298 7.27275 145.221 17.2245 72.0535 28.4271 0.0494257 0.363062 41.9968 0.734774 13.0271 0.126722 3.23534 0.233673 0.999831 0 0.648805 0 0.000117756 0 -1.43893e-06 0 1.06863e-14 0 3.04454e-18 0 -4.40521e-19 0 -3.08031e-19 0 
3 -3 0 0.0191041 0.0191041 51.6103 33.1636 10.4151 156.657 7.28962 145.368 17.2447 72.2701 28.5656 0.0487546 0.354087 41.948 0.734876 12.8179 0.123037 3.22734 0.233065 0.99967 0 0.629832 0 0.00011978 0 -3.57275e-18 0 -2.95351e-06 0 7.49206e-15 0 -1.35202e-17 0 4.48494e-18 0 
3 -3 0 0.0180673 0.0180673 51.6078 33.2464 10.4222 157.014 7.30658 145.531 17.2636 72.4864 28.7012 0.0480958 0.345295 41.8978 0.734929 12.612 0.11945 3.21963 0.232479 0.999666 0 0.610349 0 0.000123093 0 -1.27462e-17 0 -4.20725e-06 0 6.24056e-15 0 -2.34596e-17 0 -1.12019e-18 0 
3 -3 0 0.0170023 0.0170023 51.6052 33.3282 10.429 157.37 7.32354 145.695 17.2848 72.7026 28.8343 0.0474398 0.336664 41.8501 0.735027 12.4093 0.115931 3.21136 0.231902 0.999664 0 0.590384 0 0.000126811 0 -5.43148e-06 0 5.9179e-15 0 -3.78499e-19 0 -1.3439e-16 0 -6.75342e-18 0 
3 -3 0 0.015909 0.015909 51.6027 33.4176 10.4357 157.738 7.34037 145.856 17.3044 72.9177 28.9735 0.0468147 0.328375 41.8001 0.735122 12.2007 0.112552 3.20373 0.231334 0.999821 0 0.569944 0 0.000132354 0 -4.04398e-06 0 5.43215e-15 0 1.00015e-18 0 -1.01038e-17 0 -5.51528e-18 0 
3 -3 0 0.0147875 0.0147875 51.6001 33.5062 10.442 158.095 7.35725 146.014 17.325 73.1335 29.1102 0.0461752 0.320075 41.7536 0.735256 11.9987 0.109095 3.19542 0.230774 0.999817 0 0.549031 0 0.000137339 0 -4.8066e-06 0 5.27568e-15 0 2.51894e-18 0 -3.28793e-17 0 9.67833e-19 0 
3 -3 0 0.0136374 0.0136374 51.5976 33.5938 10.4487 158.452 7.37412 146.169 17.3442 73.3492 29.2446 0.0455156 0.311734 41.7025 0.735385 11.8 0.105706 3.18761 0.230222 0.99975 0 0.527575 0 0.000142146 0 -7.48795e-06 0 -1.58517e-18 0 5.19988e-15 0 -7.54118e-18 0 -1.13706e-18 0 
3 -3 0 0.0124589 0.0124589 51.595 33.6715 10.4558 158.798 7.39111 146.331 17.3646 73.5646 29.3792 0.0448411 0.303672 41.6539 0.735523 11.6003 0.102444 3.17963 0.229616 0.999742 0 0.505703 0 0.000147723 0 -8.93415e-06 0 -1.19694e-18 0 5.07445e-15 0 4.58745e-18 0 2.54088e-18 0 
3 -3 0 0.0112516 0.0112516 51.5925 33.7609 10.4619 159.158 7.40822 146.488 17.3849 73.7805 29.5103 0.0442 0.295798 41.6072 0.735644 11.4057 0.0991518 3.17151 0.229061 0.999747 0 0.48344 0 0.0001561 0 -8.12895e-06 0 5.07474e-15 0 5.05105e-19 0 -6.66312e-18 0 1.74534e-18 0 
3 -3 0 0.0100157 0.0100157 51.5899 33.8494 10.469 159.518 7.42533 146.642 17.4038 73.9964 29.648 0.043563 0.28782 41.5565 0.735773 11.213 0.095927 3.16352 0.228513 0.999745 0 0.460682 0 0.000163858 0 -8.9814e-06 0 1.33378e-18 0 5.23132e-15 0 -5.4564e-17 0 -4.52057e-19 0 
3 -3 0 0.00875093 0.00875093 51.5874 33.9371 10.4754 159.886 7.44241 146.793 17.4247 74.2103 29.7821 0.0428889 0.280038 41.5104 0.735962 11.017 0.0928485 3.15545 0.227969 0.999734 0 0.437481 0 0.000171013 0 -1.25616e-05 0 5.21837e-15 0 1.81278e-18 0 -2.75227e-18 0 2.79709e-17 0 
3 -3 0 0.00745723 0.00745723 51.5849 34.0235 10.4825 160.246 7.45942 146.954 17.4438 74.4258 29.9215 0.0422465 0.272525 41.4597 0.736103 10.8288 0.0897044 3.14759 0.227395 0.999731 0 0.41383 0 0.000180705 0 -1.36323e-05 0 5.30303e-15 0 1.80549e-18 0 5.17896e-18 0 -6.02546e-18 0 
3 -3 0 0.0061345 0.0061345 51.5824 34.109 10.4894 160.607 7.47644 147.118 17.4642 74.6414 30.0586 0.0416089 0.265039 41.4112 0.736289 10.6383 0.0866281 3.13948 0.226823 0.999858 0 0.389781 0 0.000194475 0 -1.10164e-05 0 5.35507e-15 0 -2.55827e-19 0 -2.12221e-17 0 -1.49614e-18 0 
3 -3 0 0.00478264 0.00478264 51.58 34.1935 10.4952 160.971 7.49377 147.265 17.4844 74.8602 30.1925 0.0409641 0.257538 41.3644 0.736479 10.4521 0.0836937 3.13141 0.226292 0.999715 0 0.365219 0 0.000204671 0 -1.59135e-05 0 5.84881e-19 0 5.50894e-15 0 -7.37453e-17 0 2.27218e-18 0 
3 -3 0 0.00340157 0.00340157 51.5776 34.2808 10.5024 161.335 7.51089 147.43 17.5034 75.0761 30.3239 0.0403211 0.250371 41.3144 0.736671 10.2663 0.0807231 3.12335 0.225744 0.999688 0 0.340296 0 0.000220445 0 -1.63246e-05 0 5.56244e-15 0 -3.47097e-18 0 -3.60255e-17 0 2.63491e-18 0 
3 -3 0 0.00199117 0.00199117 51.5753 34.3672 10.5093 161.7 7.52801 147.594 17.5235 75.292 30.4563 0.0396835 0.24336 41.2665 0.73691 10.0812 0.0777959 3.11543 0.225175 0.999689 0 0.314927 0 0.000238737 0 -1.71103e-05 0 -3.33619e-18 0 5.72219e-15 0 -4.62866e-17 0 5.88961e-18 0 
3 -3 0 0.00055136 0.00055136 51.573 34.4443 10.5159 162.066 7.54527 147.754 17.5429 75.5077 30.596 0.0390587 0.23623 41.218 0.737106 9.89982 0.0749337 3.10715 0.224618 0.999722 0 0.289121 0 0.000263094 0 -1.57784e-05 0 5.9001e-15 0 1.6803e-18 0 2.17045e-17 0 -6.19653e-19 0 
3 -3 0 -0.000917958 -0.000917958 51.5707 34.5258 10.5225 162.432 7.56257 147.913 17.5633 75.7237 30.7266 0.0384364 0.229325 41.17 0.737374 9.72219 0.0721532 3.09916 0.224063 0.999721 0 0.262938 0 0.000290144 0 -1.65544e-05 0 5.99334e-15 0 3.26798e-18 0 3.78206e-18 0 1.76382e-18 0 
